1.192544
2.138039
2.290972
0.524734
1.990794
2.622838
2.385973
1.659045
2.262126
2.089497
0.959547
1.171680
1.797233
1.615813
0.833061
1.206532
1.968976
0.892254
0.796326
0.095265
2.317866
1.493997
1.979575
2.541898
1.587481
2.306994
1.885106
1.060071
1.825402
1.575241
2.111385
2.652089
1.094775
1.745847
0.185246
2.822473
1.613404
2.411265
1.608452
1.245232
1.813892
2.053025
1.866646
1.006543
1.057279
2.238187
1.679966
2.682595
3.009436
1.992829
2.692937
2.306045
0.840477
1.873938
2.090105
1.927915
1.540787
1.374987
2.607570
0.679094
2.514751
1.955632
0.461073
0.865365
1.103544
0.498153
0.797007
2.204533
2.618923
1.916433
0.755858
1.678200
1.372042
2.169860
2.180242
1.887365
1.754638
1.246508
1.780126
1.745776
0.429874
1.679848
1.415027
0.956816
0.936458
0.851493
2.455063
1.957729
1.717905
2.257791
2.213308
1.527246
1.580420
2.351293
1.883992
2.164204
2.541292
2.225911
1.722729
2.334575
1.518820
2.008284
1.368268
2.419763
1.558330
0.890872
1.632742
0.592302
1.623452
0.752050
1.922428
1.714908
1.959021
0.625432
2.174248
2.474948
1.081992
1.918711
1.734781
2.314486
1.545949
1.330963
1.195521
2.966893
1.007580
2.798064
2.145955
0.783082
2.154146
1.261190
2.956467
1.045891
0.492786
1.350792
0.721928
1.677515
1.724432
1.887434
1.851319
0.652882
2.190855
1.182392
1.927596
1.530414
1.380223
1.487465
1.313496
1.918784
0.734305
2.711148
1.588813
1.805812
1.235805
2.280338
1.790189
1.708563
2.205648
1.330083
2.013726
1.715178
2.045327
1.994897
2.268879
2.184504
0.632195
2.673027
1.247619
1.924420
1.775819
2.855229
2.155514
1.353769
1.137974
1.471876
2.410284
1.972670
2.528733
1.035414
1.299636
0.391624
0.925557
2.419109
1.884483
1.640703
1.984117
1.077201
0.655376
1.565507
1.862735
2.259801
0.532760
1.312670
1.618085
2.467609
0.823897
1.813717
2.309809
1.573849
1.144874
1.447634
1.533117
0.533176
2.294042
2.144677
1.610851
1.989003
1.504787
1.428365
2.681367
2.299884
1.504508
0.787757
2.000229
0.711057
1.943799
1.387784
1.337210
2.179243
2.519599
0.337279
1.779675
2.828255
1.370532
0.729714
2.393007
1.692804
2.088831
1.989100
0.504859
0.407821
0.771823
1.657993
0.677432
2.808943
1.191768
1.834708
1.929758
2.170043
0.492633
1.820643
1.803089
1.623490
2.143395
1.209556
1.870248
1.476889
2.053948
0.358366
1.021396
1.851770
0.494661
2.325658
1.801437
1.491656
2.792907
1.532040
0.293100
2.020830
0.885973
0.587019
2.114149
1.214104
1.828118
2.400637
1.154915
2.656159
1.569479
2.815516
2.035875
1.688661
1.766607
1.243697
0.592157
1.304023
1.902091
2.054723
2.268696
1.359058
2.127967
0.495848
0.368499
2.276616
2.507522
1.871018
1.125860
2.411998
0.733233
1.172604
1.752231
1.185805
1.348624
1.263429
1.849669
0.262062
0.970695
2.628593
2.735357
2.019677
2.529735
1.946694
1.105765
1.583941
0.303857
1.288888
2.418138
1.950966
0.621629
1.973746
0.575203
2.368646
2.108969
0.688892
1.943907
1.894616
2.122080
2.776564
1.634475
2.466688
1.099951
0.713733
0.933799
1.902878
1.512289
2.319225
1.939229
1.957136
2.155274
1.853308
1.380406
1.950178
1.208820
1.941538
0.906494
1.257377
0.413096
0.521674
0.356182
0.754209
2.123684
0.681995
2.980439
1.608520
0.990505
1.930030
0.870957
2.919841
1.860502
2.003735
2.428405
2.553554
2.296440
0.576264
1.729503
1.164885
2.571746
1.068083
2.951272
1.975501
2.493049
1.361983
1.332645
0.979835
0.564246
1.718922
1.705733
0.706137
1.855213
1.769392
1.059065
1.375298
2.005317
1.044141
2.574488
2.631519
2.584719
0.642442
2.583416
1.705788
2.238145
2.219938
1.537402
1.857219
2.443389
0.504645
2.663048
2.224313
1.205580
2.625207
1.572526
0.976185
1.226335
2.443117
1.453179
1.387083
1.484096
0.185639
1.627271
0.633443
1.786950
2.173360
1.570547
1.197647
0.360025
1.413357
1.056593
2.721433
1.613384
0.871579
1.618420
1.225453
2.860972
0.168825
2.805356
2.384568
0.533310
2.552903
1.912258
1.350745
2.347986
0.845435
1.794183
0.880960
0.456542
0.460539
1.752706
1.586623
0.497807
0.703399
1.782199
1.913296
2.504971
0.659305
2.901403
2.622401
1.623613
1.023304
2.467452
0.440278
1.405883
1.398799
1.325182
1.366087
1.413211
1.266995
1.074240
1.552733
1.084358
2.603063
2.439755
0.697886
0.635218
1.555986
1.156427
0.791858
1.660293
2.462742
1.889463
1.783134
0.177130
1.073709
1.100206
2.531780
1.300221
1.067724
2.329492
2.474309
1.568129
2.059203
2.648499
2.555604
0.792691
1.200084
1.191661
1.712404
1.916194
1.724887
0.501365
2.628214
1.582742
2.661018
0.462114
1.779307
1.442363
1.268488
2.099574
2.862467
1.024612
1.387552
1.743698
1.042823
1.918683
2.372626
0.817525
0.386129
0.702097
0.088874
2.604367
1.806825
2.063677
2.403874
1.637855
2.451575
0.899151
2.341850
1.483054
2.369275
1.420606
1.606246
2.198621
2.610628
1.492889
2.335431
1.640175
2.488308
0.920463
1.130510
2.427043
1.445588
1.973146
1.498163
1.951242
1.299992
1.209016
2.328570
1.375680
1.453095
2.334017
1.229458
0.487328
1.735965
0.933849
1.755263
1.506405
1.352036
1.450822
2.583040
1.046362
2.390124
1.453996
0.419389
2.205584
2.507547
2.463763
1.226355
2.213958
0.597907
1.809178
1.933836
1.619418
1.189323
0.770657
0.951991
1.939283
1.499342
0.467368
0.585065
2.516958
2.495588
1.401564
2.758705
1.533702
1.809899
1.682037
2.687289
0.199383
3.009778
2.413718
1.069101
2.377502
1.191847
1.165544
1.891272
0.971202
0.908011
2.928338
0.266954
1.113158
1.785929
1.972012
2.222790
2.570274
2.309169
0.231643
1.773576
1.161125
0.523554
1.947349
0.943286
2.771925
0.642319
0.850588
1.465966
2.022081
2.039209
1.363237
2.044216
2.029510
1.093384
2.917609
1.736359
1.742208
1.138199
1.023742
2.222152
1.536244
0.996997
2.267491
2.121896
2.305882
1.603026
1.701565
2.108121
1.271665
1.728556
1.279945
1.882837
1.866129
0.405130
2.374412
1.796206
0.767340
0.349130
0.492544
2.369371
2.108075
1.483481
1.743955
1.525376
2.041275
1.718650
0.493675
1.185198
2.386321
1.158438
0.692193
1.259324
1.627228
2.629738
0.671586
1.294341
1.474711
1.925765
0.705776
2.226064
1.052578
1.522902
1.487072
2.491000
1.603875
1.198499
1.590028
1.889476
1.262509
1.709337
1.600476
0.657328
0.320409
0.646778
1.734494
2.099259
1.927605
1.857060
0.511713
1.648244
2.650035
0.874011
2.451066
1.508757
0.692084
2.987004
2.298361
1.705346
1.913076
2.699702
1.311414
2.568637
1.426363
2.291467
2.260136
2.666261
0.789969
1.218833
1.774660
1.563501
2.487099
0.695286
1.773254
2.575960
0.969271
0.881551
1.926720
2.470890
2.273673
2.067522
1.431098
2.127057
2.558555
1.193580
1.007489
0.362188
1.180720
0.517756
1.771155
2.841730
0.265400
2.800940
2.490925
1.461661
2.217333
2.017181
1.349209
2.687269
0.420133
2.955183
1.461844
2.647336
0.667786
0.433124
2.381209
1.212056
0.996059
1.643889
0.967074
0.457411
1.103557
1.868207
2.253400
0.907612
2.751074
0.443699
0.987530
1.097810
0.688654
2.276104
1.047001
0.742043
2.202852
0.789092
1.725403
1.765250
2.385055
2.776843
1.662714
2.522116
2.731011
2.957223
2.338527
0.519020
0.390794
2.003223
1.349596
1.083520
1.038055
1.785326
1.196713
1.612488
1.054036
0.745713
2.010919
0.965076
0.879192
2.636848
1.545892
1.148478
2.121827
2.065680
1.423297
1.685418
2.450325
0.118607
0.805988
2.091690
2.797075
1.981648
1.887923
2.602408
1.963234
1.577138
2.998793
2.046355
0.958702
1.339150
2.997344
1.488223
2.958627
1.185531
2.854957
1.034730
1.460161
1.966276
1.490598
1.825353
1.834387
2.679197
2.571666
1.353198
1.949714
1.260832
2.687105
1.711615
1.268200
0.653579
1.200394
1.205998
2.221162
2.823544
1.048775
1.558716
1.526972
1.036992
0.983340
1.962331
1.835484
0.970810
0.794177
1.818230
1.630395
0.735237
2.395223
2.821335
2.269962
1.217541
1.773145
1.474777
1.102947
1.613721
2.329862
2.736200
2.400731
2.197811
1.630133
0.976275
2.486214
2.342435
1.654020
1.980453
2.274648
2.195052
0.909949
1.162930
0.391552
1.401964
2.967910
1.914833
1.841426
0.772859
1.139781
0.832406
1.095514
0.818065
0.761294
0.619774
1.541204
2.068065
1.661037
2.116997
1.070072
1.347303
2.024605
0.734488
0.882907
1.044532
1.263706
0.569648
0.635129
2.466807
2.160607
2.572078
1.944789
2.800586
0.983048
2.027527
1.343224
0.964858
1.347246
0.289893
1.281319
1.939614
0.887474
1.830671
2.314310
1.207543
2.029683
1.210331
0.498523
1.084979
0.585808
1.204295
1.887495
2.220721
1.470101
2.313827
0.457454
2.210788
2.557898
0.792348
1.958463
1.972119
0.535503
1.311256
1.910338
1.143402
0.616997
0.467810
1.586762
1.533475
0.553229
2.389870
0.827390
1.067626
1.558270
0.012559
1.733998
0.964806
1.210415
1.858956
1.534280
1.383812
2.754042
0.759650
0.951122
1.395208
2.828695
1.072477
0.955134
2.474911
1.389683
2.498975
1.748240
1.530648
1.097181
1.058212
2.147616
1.295610
1.177767
1.116674
2.333614
1.334790
0.783908
0.168493
1.858732
1.853875
0.168962
0.984177
2.359921
1.225590
2.390055
1.237911
2.066571
2.286935
1.518925
2.679099
1.026039
1.470224
0.948371
1.474939
1.250840
1.809937
1.271152
2.609978
0.638031
1.822148
0.891248
2.406981
2.926643
1.559366
0.800173
2.302245
2.426067
1.154099
2.321440
1.609528
2.635346
2.341095
2.077357
2.194823
0.873639
1.788320
0.734056
2.556520
1.442736
1.777963
2.387093
1.932725
0.463004
0.546416
0.735297
1.359999
1.963270
1.533976
1.216159
2.188549
0.663082
1.595107
1.897894
0.624746
0.160660
2.245561
2.599899
2.445926
0.676083
2.139982
1.375913
0.438337
1.808319
0.783456
2.316990
2.205892
2.102885
2.782983
2.011887
0.901574
1.713352
1.726971
2.394552
1.820750
1.876693
3.015584
0.276999
1.248889
1.526041
1.256518
0.741921
1.738746
2.367675
2.194597
1.934833
2.386278
1.781182
1.785324
2.089417
2.013969
1.320007
0.798238
2.121573
2.980966
1.152233
1.774398
2.189994
0.453054
1.709827
1.578105
1.024542
0.767941
0.578743
0.666828
2.127059
2.053299
0.653902
2.172607
0.550278
1.733050
0.733262
0.940294
0.834840
2.905173
3.037368
2.325061
2.346528
1.775637
1.468255
1.767993
1.194175
2.277684
2.092031
0.565293
2.260874
0.431123
1.936671
1.789515
0.630706
1.042978
0.682953
1.237561
1.345913
0.911118
1.457665
0.802409
2.588939
1.664326
2.628355
3.091701
0.730167
0.511859
0.938752
1.141359
0.451823
0.932010
0.750121
2.499069
2.223315
1.737601
1.567303
0.706573
1.385235
1.040786
0.921001
0.990944
1.143909
2.423015
2.303765
1.347289
0.721362
2.675579
2.038959
1.596899
0.767719
0.847789
1.908290
0.518906
2.017229
1.774485
0.516392
2.327719
1.907574
1.092349
0.752955
2.016170
1.514143
1.091361
1.804293
1.104665
2.352873
0.688637
1.359196
1.070434
1.289444
1.756819
1.543149
1.884208
1.508451
1.204066
0.419373
1.758688
1.086937
2.138743
0.664684
1.385034
2.638840
2.146007
1.517714
1.883898
1.314287
1.648209
1.565495
0.394321
2.235638
1.839028
2.103120
1.115544
2.504366
1.306653
1.681903
2.104242
1.537595
2.692527
0.240409
2.331112
1.656707
1.571912
1.568253
0.217223
2.268618
1.655008
1.782666
0.604742
1.183177
2.007744
1.563452
1.045204
1.537978
2.792249
2.508641
2.365253
1.587730
1.370442
2.481972
1.195947
0.365375
1.873144
1.766216
2.625510
0.271683
0.802455
1.958715
1.574281
0.653286
1.989987
1.258373
1.866815
0.937428
2.332412
1.891479
0.319753
1.343036
1.076404
0.688874
1.978190
2.819829
1.793322
2.678091
1.486564
1.731782
2.347283
1.191087
0.604518
1.049230
0.951546
1.380746
1.123833
2.370769
0.102711
0.973427
2.424951
0.809758
2.524895
1.325855
1.065846
1.795497
2.037713
2.511462
2.253575
1.711487
1.694275
2.320796
2.724894
2.276629
2.713300
1.886671
2.210985
1.701538
1.777404
1.062390
0.782235
1.476575
1.713848
1.009699
1.990707
2.167766
1.853524
2.919553
1.854044
1.859016
0.943424
1.604294
2.207530
0.690030
2.483226
0.475222
2.039340
1.814324
2.735722
1.653429
0.903779
1.612733
1.332731
0.789479
1.256226
1.238572
2.222363
0.778368
2.505163
1.381237
1.370616
0.439142
2.370991
2.804493
1.118277
1.696296
2.101171
2.571301
1.671588
1.354445
1.697122
2.110174
2.530157
1.287588
2.407405
2.226626
1.401358
1.765997
1.421183
1.318251
0.761940
1.805237
2.484964
1.611486
2.127139
1.027041
2.366751
1.705722
1.339321
2.116189
2.811741
2.179421
2.231455
2.296393
2.112338
0.603075
1.357946
1.592112
0.190807
2.666771
2.509253
1.715438
1.985563
2.246532
2.615351
1.716665
1.808312
1.261983
0.849065
0.418335
2.033314
1.176473
1.894977
1.811367
2.286959
1.416805
2.375902
1.950911
2.947034
1.037343
1.460353
2.757726
0.357512
1.051140
2.202853
2.187915
1.244880
0.901491
1.159281
1.263976
0.750912
0.935581
2.571979
2.307580
0.254142
2.355775
1.387025
1.841500
0.930893
1.728019
1.932259
2.585046
2.453396
1.236796
1.658249
2.014057
2.116233
1.377847
1.369350
2.094308
1.875211
2.331863
2.012132
1.942244
0.631933
1.588751
1.512415
1.443387
1.979600
2.143200
2.178406
2.300227
2.818642
1.996560
1.915965
2.943398
1.690912
0.565382
1.821239
2.120822
1.888296
1.160888
1.951737
1.655482
1.847982
0.999332
1.062685
1.361717
1.841470
1.889553
0.784651
1.123107
1.573877
2.373897
2.765429
1.768270
1.305150
1.442175
0.374005
0.525604
0.943926
2.265340
2.500469
0.878496
1.623873
1.711035
0.852787
0.596830
1.870666
2.201789
2.340034
1.167544
0.629064
1.638229
2.335291
2.054511
2.125294
0.652851
0.734020
1.363206
2.116512
1.103894
1.940150
1.072546
0.751583
1.866166
2.372157
1.577654
0.578702
2.477428
1.713113
1.133175
2.012486
1.514027
1.508660
1.024553
0.410404
1.854609
1.216849
1.958902
1.440391
0.861875
2.974209
1.632220
2.000241
2.316102
1.077486
1.513648
2.654807
1.353048
2.399091
1.985448
1.911177
1.668745
2.751785
2.218350
0.913329
2.269579
1.170268
1.105948
2.016084
2.421783
1.699074
1.428502
1.261060
0.364872
1.916336
1.347170
1.923939
3.015823
0.567344
0.669409
0.851422
0.540781
1.851672
2.430198
2.533764
2.504205
1.266454
2.352840
1.145733
0.972923
1.678608
2.742639
2.135193
1.603387
2.123165
2.748665
1.240705
0.525247
1.018675
0.465914
2.661021
2.218594
1.535563
1.139469
2.304012
0.800257
1.939232
1.585907
0.789189
2.113935
1.803821
1.198952
2.290974
1.056547
0.919921
2.071916
0.811752
1.665389
1.757010
1.470019
2.131244
0.785184
1.390686
1.637317
1.902153
0.857363
1.561060
0.048932
1.024374
2.055300
0.468571
0.885499
1.640052
1.643419
1.519795
1.306182
1.956312
0.808169
2.424277
2.307184
2.542774
1.555291
0.806930
2.077755
2.085887
1.268617
1.536718
2.505437
2.492860
0.556834
1.270063
1.905422
0.981001
2.123089
0.920889
2.448284
2.626418
1.966168
2.450159
0.863966
1.421158
2.642710
1.284574
2.739184
1.521453
2.300556
1.222372
0.832151
2.921455
0.942405
3.083777
2.501214
1.978662
0.804613
1.862297
1.459833
1.579805
0.727737
1.259440
1.375414
0.932767
1.979510
0.524197
1.418402
1.492787
1.080555
1.178112
1.361549
2.724602
0.911783
1.714136
1.333816
0.746280
2.607084
1.250710
1.788981
2.126110
1.921900
2.145005
2.097952
2.428115
2.143016
1.880679
1.724138
2.583204
1.150902
0.290872
1.427424
1.415832
1.303272
2.295585
1.823519
0.521816
2.493524
0.446963
1.625978
0.831744
1.282381
2.581922
0.708596
1.674210
1.561075
1.576752
1.948740
1.421035
2.334093
1.143367
0.899512
1.606046
0.512825
2.648948
1.360584
2.305191
1.757918
2.805571
2.115597
2.462858
2.974545
0.896134
1.185345
1.288810
0.277817
2.634302
1.425102
2.560011
2.905674
2.714019
0.577201
1.253359
2.430125
0.930704
2.483395
1.315723
1.991810
1.731595
2.212401
1.670957
2.412191
2.924325
0.526115
2.634606
2.601333
1.497298
2.146410
1.614417
1.441075
1.633435
1.391817
1.427023
2.024129
2.033085
2.187633
2.067247
1.896591
0.968274
1.887991
1.867491
0.854298
2.064521
2.942406
0.452531
2.639629
2.451715
1.418549
1.860143
1.502173
0.984623
0.908815
1.241903
0.956128
1.070773
1.105392
0.768272
2.034342
0.440743
1.901273
0.819980
1.729626
0.548071
1.746180
1.155049
2.204913
1.321155
0.382952
1.483212
1.758111
1.965285
0.651605
2.128776
1.428563
0.618268
2.252518
1.302473
2.845352
1.022154
0.201392
1.458431
1.496020
0.934190
2.171078
1.926880
1.496813
0.486639
2.251698
0.893365
0.662683
1.524768
1.256624
1.949610
1.671423
2.616858
2.879867
1.258676
1.179270
0.277947
2.221128
2.505834
2.007236
2.515527
1.911442
0.768378
3.046221
1.535015
1.586644
2.830163
2.029401
1.606862
1.409870
0.886653
2.028164
0.933085
2.369708
0.886242
1.070977
1.924198
1.308684
1.299883
0.795509
2.017339
0.456063
1.982898
1.872666
0.371322
0.435779
2.728059
0.465785
2.344667
2.375072
2.128509
2.105106
1.625247
2.515304
2.099834
0.193433
1.395962
2.044965
2.050309
2.610220
0.790298
2.548718
1.879370
1.267161
2.148301
2.306855
1.794396
1.462612
0.942523
2.837536
1.764103
2.575682
0.337263
1.151236
1.712679
0.504301
1.251497
1.627941
0.693550
0.908420
1.346359
2.434518
2.677560
2.553258
2.177879
1.981177
2.587761
0.922949
1.425847
1.887949
0.735703
1.723311
1.712471
2.168011
2.592375
1.252589
1.806692
1.645541
2.188497
2.273083
1.599605
1.340020
2.082962
1.656040
1.943256
1.193372
1.781991
0.317582
2.330335
2.027116
0.970380
1.007506
1.773085
0.835603
0.792446
1.340142
2.386528
0.551786
1.739510
1.141517
2.049099
2.011477
2.397509
1.160887
1.559692
2.200174
1.863571
0.680290
1.227404
1.438180
2.623115
2.335219
2.264044
1.937607
1.346174
1.573743
3.000859
2.979488
1.623775
2.316788
2.012563
2.080556
0.544722
1.190117
2.527396
0.979574
1.982133
2.147739
1.149475
1.123808
0.514068
0.321719
3.034805
2.615862
1.216192
1.553995
2.041596
2.797526
1.778087
0.488401
1.378781
1.645249
2.513307
0.986277
0.967967
1.144280
2.038848
0.955915
1.129831
1.051927
0.455226
0.038068
3.015567
0.717529
1.190898
2.513766
1.254752
0.241452
1.933465
1.854824
1.155738
2.076038
1.908722
1.149505
1.927275
2.964227
2.182497
1.372067
2.753685
1.349053
1.490201
1.302452
2.595295
1.295874
1.754901
0.777711
1.891069
1.196320
1.277214
2.663803
1.709557
1.382134
2.665381
1.701554
1.629853
1.067759
1.510451
2.416160
1.100579
0.787614
1.599237
1.714972
2.463038
0.876256
2.396076
1.698601
0.855660
1.884935
2.765300
0.752448
0.425258
1.419747
1.575644
2.803900
2.187137
0.623078
0.693521
1.463469
1.391973
1.512380
1.349896
2.859390
2.425036
1.234100
1.661751
1.382784
1.759454
0.247700
1.116651
2.395668
0.829808
2.201536
1.448630
0.458909
2.823106
1.173285
1.803821
0.786948
2.743681
1.732454
1.119616
0.148053
0.144897
2.175866
2.838646
2.200038
2.429098
0.618863
1.025596
1.136096
1.698219
1.836203
1.092019
1.451665
2.770500
2.252524
2.338165
1.690555
2.292490
0.731085
1.424205
2.971917
2.577908
2.392153
0.425345
2.489808
0.856541
1.896552
0.425076
0.747806
1.025091
1.216388
0.763757
1.037306
0.678977
0.695425
0.402691
2.933941
0.949217
1.116757
1.112277
2.146898
2.538706
1.667633
0.959303
2.427418
1.294100
0.495255
1.445576
0.911549
0.896564
2.387714
0.893251
0.677718
2.050042
1.002995
0.179106
2.508253
2.469058
0.462341
0.384124
0.742507
1.326322
0.864041
1.322949
1.550533
1.140488
1.404707
1.529040
1.571326
1.978033
2.112546
1.098748
1.792381
1.172684
1.541990
1.546204
1.916801
1.662274
2.587762
2.384185
2.056750
2.188980
0.450422
2.329589
1.611474
1.117376
2.351871
1.416911
0.855558
2.513299
1.490304
1.167369
1.122962
1.844423
1.941327
2.149243
2.592644
0.638120
1.052939
1.423872
2.205397
0.203407
1.981104
1.382314
1.194946
0.889358
2.478418
2.904729
2.050413
2.263419
2.344373
1.499226
1.790678
2.495488
1.177253
0.735910
0.876808
0.823824
1.676494
1.270917
0.514806
0.224505
1.888117
1.262535
1.870587
1.238866
0.712579
1.719740
1.441349
1.316362
0.063213
1.004833
1.337606
1.983283
1.850845
1.984338
2.451172
1.635285
1.954043
1.805358
1.269249
1.643492
0.575184
2.741734
1.441503
1.346362
0.609204
1.804373
1.668978
1.860217
2.782037
1.800446
1.886508
1.821489
2.749820
1.165613
2.744545
0.587291
2.425242
1.362412
1.486554
2.428289
1.830600
2.325091
1.728543
1.085233
1.657535
1.498805
2.211473
1.001028
0.574412
0.796435
2.133168
0.824935
0.679092
0.932611
1.669798
0.929484
2.259736
0.638257
2.328355
2.179461
2.009207
1.568439
1.389655
1.927017
2.218624
1.309901
2.113309
1.936560
2.135511
0.966901
1.684910
1.361334
0.488414
0.753878
1.902189
1.775780
1.771165
1.493818
2.297105
1.938549
1.796547
1.769408
2.319807
2.032746
2.216261
1.348730
2.581954
1.810370
1.547413
2.134827
1.378678
0.928694
1.084040
2.250946
2.418638
0.527028
0.890483
1.840187
2.086741
2.704860
2.343803
1.167147
1.264221
2.523892
1.448676
0.217522
1.589561
0.395547
1.517434
1.248103
2.022760
0.592586
2.647052
1.688717
2.234699
2.073454
2.684642
2.052898
1.286007
1.444482
1.569035
2.127166
1.849533
2.129960
1.728464
1.595795
2.299860
2.127015
0.782915
1.731009
2.019855
2.996071
2.444562
0.520285
2.505870
1.207813
0.565888
1.393272
1.289240
1.673527
2.101668
0.571449
1.847359
1.967600
1.850977
1.459815
1.438640
1.745617
0.867007
2.198483
0.310937
1.929571
1.686434
1.899793
1.452123
0.755973
0.860695
1.101540
2.498716
1.201702
2.356476
1.807493
1.190344
2.064690
1.946379
0.968304
0.492809
2.120814
1.830412
1.411262
1.186671
1.331514
1.570820
2.686688
0.553798
0.762014
1.356714
1.588493
2.038104
1.711700
1.164695
2.092591
1.037430
2.375102
1.391365
1.953221
3.021059
1.741240
2.741302
2.486710
2.512988
2.250103
1.598411
0.973400
1.673287
0.920310
1.441245
1.793947
2.731612
0.510542
0.355263
1.095480
1.461091
1.633305
0.977235
1.610789
1.916672
1.801059
0.341292
1.358715
0.887530
1.226692
0.778370
1.430573
0.905865
1.680488
0.697278
0.896612
0.765684
0.563023
0.589640
0.422516
2.469641
1.768553
1.076341
1.455460
2.202967
1.978235
0.465099
2.103687
2.122077
0.589295
0.318858
0.945045
1.804041
1.036878
2.042355
1.126477
2.373623
2.108253
1.938701
0.422646
0.599884
2.275230
1.519002
1.112516
1.325415
1.753446
1.504080
1.606970
1.913453
1.673167
1.695222
1.689675
0.793525
2.277793
0.083904
2.667177
1.616624
0.472882
1.979680
1.125850
0.764697
2.035313
1.554680
2.105451
2.790742
0.974188
0.401950
2.289491
2.824393
2.025684
2.413426
0.504764
1.657870
1.260464
1.247499
2.575565
2.638843
2.233992
1.450711
1.784675
1.284742
0.092860
0.837733
1.587290
2.283473
0.842456
1.476711
1.265761
0.981362
0.800481
1.843425
1.289623
2.421325
0.727482
0.695178
2.333267
1.256979
0.811737
1.927421
1.204051
2.420556
1.666451
1.334743
1.408166
2.481824
2.035813
1.247307
2.300160
1.634916
2.167993
1.449143
2.468514
2.173213
1.781857
1.367805
1.793120
2.145833
2.352448
2.739312
2.986353
0.127291
1.761382
1.277083
2.433678
2.029274
1.513317
2.038043
0.523433
1.827933
1.368972
1.344174
1.576231
2.679343
2.142952
2.574600
2.325654
1.560679
1.076564
1.930055
0.330003
0.422591
0.692311
2.560503
2.284457
2.026088
1.196373
1.445572
1.554385
0.848268
1.364611
1.542357
0.859003
2.966483
2.321366
0.465777
2.012290
1.185976
2.161514
2.166610
2.644390
0.871734
0.845303
1.454892
0.725076
2.642340
1.295196
2.783982
1.438232
1.827112
1.863264
1.492499
1.919297
2.115943
1.326006
1.566891
1.529052
1.973505
2.628433
2.798912
2.390038
1.230752
1.484109
0.396122
1.214483
1.154340
0.616275
0.398791
1.792698
2.405235
2.264840
1.669964
0.445069
2.922736
2.958912
0.861856
2.594589
1.277860
0.775181
1.288992
2.875302
2.182206
2.270111
1.882040
1.663494
0.928970
0.798668
0.320216
2.486929
0.597998
3.020605
2.122197
1.410112
1.476769
2.215945
2.084246
2.096231
2.473944
2.176880
1.288746
2.124921
1.781660
2.533395
2.244159
1.757327
2.504855
2.906911
1.610344
1.064747
0.735187
2.436341
1.023979
2.554070
1.987930
2.475547
1.495607
2.508975
0.424146
1.546508
2.213967
0.740910
1.539195
1.694730
1.673127
2.635233
1.292137
1.151997
1.956385
1.058951
0.579000
0.445904
0.270687
1.952276
2.734961
2.291657
1.112685
2.378205
2.255727
2.210905
0.704049
2.670150
1.937705
1.284711
2.379265
1.332418
1.051893
1.211209
1.126698
1.151280
2.244426
0.591852
1.425108
1.150787
1.868900
2.847201
1.008355
0.193388
1.104384
2.573357
1.080207
1.280021
2.795279
1.121055
0.416772
2.604283
0.684553
1.206111
2.191474
2.602000
0.708447
2.531088
2.417094
2.213495
1.089599
2.062425
0.880496
1.612039
0.495302
1.504335
2.257399
2.409836
1.674662
1.034146
0.844952
0.924024
0.983297
1.372479
0.947183
1.566830
1.208772
1.515651
2.359357
1.144460
2.106155
2.489703
0.983095
2.397124
0.974337
0.233497
2.206030
1.243916
2.580164
1.920051
0.764496
0.906703
1.383972
1.204135
2.009632
1.505185
2.183507
1.629629
1.243417
1.243764
2.150217
1.585467
1.647023
3.025407
2.528113
2.085389
1.560088
1.004490
0.972861
1.264669
1.620760
2.815222
1.039757
2.089200
2.322193
1.502597
2.120730
1.850453
2.227821
1.948865
1.179079
2.666023
2.423072
2.018042
1.082108
1.749411
0.885270
0.463751
0.702028
1.616168
1.353475
2.471888
0.348244
2.607120
2.461101
2.641788
1.931270
1.335178
0.851517
2.481247
2.054642
1.972624
2.399406
2.853393
1.457147
2.003858
1.461188
0.938778
1.261569
1.048784
2.462832
1.890095
0.915249
2.130733
1.314381
1.491652
1.275314
1.684345
1.597357
1.516034
0.571041
2.516557
1.296645
0.674031
2.306999
1.054725
0.442612
1.594995
1.847399
0.973416
1.383683
1.305988
2.547439
1.105115
1.262991
1.282017
2.898593
2.198939
1.695563
1.230568
0.425137
1.473437
2.942261
1.023271
0.969062
1.293854
1.982709
1.714011
2.567875
0.960536
0.422639
3.087734
0.704187
1.387024
0.671704
2.712493
1.900533
0.814272
1.504285
1.155876
1.319276
2.415108
1.912569
1.137071
0.793272
0.254420
1.870214
0.751161
2.239327
0.951339
1.506153
2.358665
1.898850
1.486296
0.623698
2.428171
2.268141
2.200169
1.469476
2.073816
0.176623
1.557639
2.072162
0.727888
2.504963
2.343203
0.578579
1.699046
0.151556
1.667243
2.381512
1.331093
1.413965
1.630771
1.920194
1.713575
1.663056
1.199628
1.994783
1.278620
1.627528
0.858991
0.953067
0.900654
1.836303
1.169176
0.525705
1.475234
0.639705
1.604685
0.910509
0.665327
0.203951
2.620508
1.008304
2.540698
2.171400
1.191210
1.523507
2.185361
2.382936
1.242436
0.848898
1.125829
2.400079
2.320635
2.362948
1.399536
0.821418
1.694374
2.143063
1.955752
2.060156
2.866329
2.425566
1.299957
1.127902
2.666936
2.261452
1.337867
1.494053
0.218145
1.553252
1.514825
2.670293
2.036622
1.337576
2.044426
0.399193
2.376930
1.603525
2.505437
0.926200
1.951864
0.894329
0.528769
1.624254
0.417325
1.536937
1.952227
1.781437
1.056051
1.315808
1.244167
1.012243
1.049720
1.995014
1.612292
0.916799
1.619466
2.516066
1.891219
1.643210
1.362403
0.736278
1.534117
0.710973
1.598715
0.951391
0.824257
1.317632
2.039994
0.505946
1.720005
1.393959
1.046321
1.860039
2.641452
1.142925
0.724809
1.823233
2.488406
1.327463
3.071290
1.016082
1.801950
1.046869
2.657090
0.753328
1.461933
1.504305
0.405866
0.653962
0.108751
1.444814
1.006699
1.540028
1.687686
2.086631
1.970000
2.023637
0.711769
1.410973
2.168571
1.973000
2.298209
0.354114
1.241554
2.144152
1.210139
1.498782
1.361489
0.977934
2.328298
1.358963
1.485254
1.486907
1.864463
1.368896
1.758693
0.610809
2.393557
1.842146
0.911116
2.402283
0.540178
1.422738
1.274657
1.832790
0.857597
0.443758
1.262462
1.146736
1.508468
0.736733
2.941172
1.162170
0.824912
1.220323
0.545449
1.539281
2.195313
1.508079
1.992979
1.846074
2.384843
0.828902
0.623266
1.587332
1.694897
1.954995
1.769451
1.427111
1.205580
2.195043
1.154630
1.354341
0.972746
1.879594
0.298556
1.351760
1.983152
1.308567
1.951148
0.847953
1.570895
1.929680
1.511894
1.898085
0.125676
1.657141
0.781251
2.205070
0.217502
2.345800
1.434784
2.419814
0.219681
1.623250
1.335806
1.719156
0.960935
2.874405
0.096209
1.640948
2.151968
1.159680
2.596976
2.973892
2.700487
2.689566
1.337364
1.880786
1.202882
0.535387
2.269896
2.265851
2.084216
1.142480
1.532692
2.093293
2.306215
1.825410
1.662563
2.338463
1.522367
2.843996
2.032071
1.546417
1.579270
0.663659
0.502126
2.021634
0.603725
0.511652
1.053899
2.382959
1.295773
0.877782
2.362780
1.194703
0.738773
1.024449
2.786916
1.471668
1.181388
2.191107
1.094446
0.476769
0.584385
2.098286
2.227567
2.562293
1.323521
1.268410
2.130936
2.355799
1.222012
1.547188
1.247652
2.300593
1.760584
1.375445
1.673415
1.944884
1.504700
2.224654
1.662124
2.294790
2.893546
1.372447
0.788503
0.692109
1.858112
0.696411
1.702307
2.699219
2.522041
2.308504
0.174898
2.941698
1.747677
2.246977
2.526871
2.768479
0.833916
1.926487
2.262726
1.557059
0.829332
0.823680
1.216407
2.109801
1.697498
2.427092
1.449203
0.349085
1.943005
2.895643
2.378491
1.910351
1.341651
0.188895
2.169008
0.336955
0.723699
1.260120
2.857699
0.361909
0.885233
2.918546
0.300681
2.144624
2.215607
2.609602
2.064678
2.762676
1.782409
1.683103
1.486024
2.134912
2.018110
2.175248
1.618765
1.113981
1.900467
2.756214
1.180158
1.252873
2.682743
0.852527
0.202694
1.233876
0.875914
2.193997
1.292884
1.170538
0.764014
1.250997
1.239913
1.207696
1.224785
1.286988
0.622670
0.740545
1.139317
2.293911
0.628287
2.484583
1.342616
1.677292
1.903384
0.653993
1.239367
0.894948
1.333831
3.083917
0.796934
1.965428
1.251122
0.639590
2.383844
1.272612
1.437479
0.417983
0.781088
2.205239
1.262363
1.123851
0.764618
1.951480
1.785044
1.509964
0.431215
1.982628
1.773281
1.238014
1.632848
1.973675
1.006464
2.560395
1.045306
2.484283
0.291357
1.744639
0.584622
1.376977
1.742951
1.008862
0.629808
2.600308
1.229017
2.734422
1.118827
2.131654
0.093150
1.423377
1.695763
1.266910
2.005235
1.985583
0.382657
1.195566
0.852901
0.580598
0.260745
2.145163
1.407260
1.666757
1.506123
1.877943
1.502362
2.019429
1.664914
1.544558
1.166580
1.833879
2.467312
2.462284
2.385081
2.908756
2.258876
0.917346
2.670914
0.640691
2.749164
2.680566
1.622250
1.619440
1.155310
1.014943
0.990370
1.233104
1.676840
1.363125
1.402559
1.710901
0.846140
2.304664
0.700470
1.846780
1.542880
1.738664
1.272625
0.365530
0.537180
1.889072
1.902997
2.744013
1.661859
1.624180
2.679265
1.293238
2.032449
2.475557
1.495032
1.949172
2.321117
2.920869
0.949655
0.764453
0.986121
1.440080
1.517700
2.157857
2.296250
2.464637
1.259349
0.034538
2.036699
1.499760
1.847400
0.953683
0.442005
2.937854
1.032565
0.702775
1.867371
2.520952
0.571574
0.906104
1.437264
0.330026
1.680189
0.812471
2.568528
0.259507
2.320887
2.120128
0.135918
0.450434
2.498685
0.997141
1.540189
1.315310
0.149874
1.194877
1.077839
1.271104
1.195518
2.922049
2.257249
2.705854
0.923933
2.388974
2.659174
1.455235
2.883388
1.749874
1.264218
0.507009
2.166759
2.171310
0.608976
1.235001
2.641128
0.200380
1.270256
2.164054
2.143761
1.279897
2.290028
1.920353
1.742113
1.189854
0.426947
1.753501
1.834934
1.177249
2.660443
2.678211
1.151114
2.117952
2.499935
1.560639
1.823644
2.328122
2.635280
1.789549
1.435486
1.129337
1.920704
0.959912
0.531214
2.120667
1.667837
0.174387
2.144309
2.499513
2.182462
1.655610
1.063333
1.805998
0.960870
2.324739
2.608509
1.066672
1.436602
1.693425
1.704688
1.320874
1.587665
2.383315
0.756755
1.387748
1.282692
2.121273
1.052907
1.148784
1.307884
1.949865
1.734673
0.410094
2.492220
1.876486
2.221182
1.463945
1.892431
1.719422
1.260022
1.460926
0.696318
1.780573
0.502023
1.223862
1.463350
2.966056
1.748676
2.432523
1.677955
0.809908
1.060586
0.502921
0.270849
1.353666
1.512557
1.320512
0.806077
2.033922
1.920611
1.618586
1.386558
1.053960
1.701859
1.173708
2.509544
1.303817
2.102053
1.694045
2.655705
0.644868
0.163198
0.488690
1.992223
0.528977
1.345942
0.797948
0.497683
2.837030
0.350475
1.801090
0.744264
1.128993
1.930594
0.796615
1.935852
0.786791
1.624011
2.297845
2.404797
0.922177
1.279116
1.112331
1.472419
2.573868
1.742329
1.275106
1.136588
1.242226
2.552665
1.004593
1.448624
2.577033
1.138034
0.777305
2.948943
1.936552
1.147263
0.457430
1.887708
1.213019
1.908236
2.184680
1.794904
1.248398
2.640203
1.136511
1.547831
1.500844
0.713471
1.284565
1.902884
1.527126
1.849479
0.688498
1.368898
0.983373
1.507152
1.959272
1.694202
1.336596
2.572419
0.049471
1.173159
0.955704
0.779048
1.153007
2.466455
1.447921
1.263030
1.663182
2.126146
0.237801
1.232692
1.317576
1.277927
1.098667
1.905739
2.329988
2.066125
2.180495
0.934770
1.370804
1.080332
2.320041
1.599937
1.905442
0.509205
2.878289
1.273656
1.823435
1.301006
1.103538
1.824699
1.924345
1.543319
2.140759
2.794863
1.321365
0.948422
1.199910
2.578112
2.806180
1.229933
1.062948
1.259546
1.957350
1.629749
0.212372
1.636177
1.086302
2.208170
2.061596
1.913014
0.503397
1.723810
0.882418
2.040348
1.853845
0.836924
0.572958
1.080650
1.634560
1.275795
2.466147
0.939675
2.320995
1.896557
0.863789
0.970280
2.399511
1.558793
0.767473
2.320385
2.283254
1.363346
0.895779
1.601496
2.592412
0.924236
0.441828
0.911187
3.020212
2.174092
2.378597
0.487928
1.286769
0.421401
2.176304
3.098254
0.949282
2.387479
1.079585
2.073108
0.974161
0.807557
2.671227
0.494769
2.250758
0.710311
1.109458
1.945317
1.802707
1.405226
1.617979
1.454065
2.251345
2.006727
2.724395
2.073929
2.531874
0.143348
2.624710
2.519142
2.186602
2.204500
2.762891
0.791741
2.318036
2.092463
0.790421
0.444907
1.800002
1.394646
2.188055
2.298748
1.704690
2.060319
2.473918
1.330755
2.363204
0.850132
0.511694
1.512647
1.747008
1.746955
2.541737
1.374051
1.156553
2.403339
0.776592
0.948764
2.418710
0.566206
0.691585
1.904472
2.416128
0.571500
2.245814
2.012862
2.287940
2.742373
2.123695
1.454977
1.314111
1.674943
1.103786
2.645854
1.130910
0.843362
1.204537
0.775900
1.239955
1.338676
1.800915
2.587660
2.809025
1.624332
1.218541
1.095851
1.362447
1.512441
1.530808
1.096241
1.668688
1.761740
2.627167
1.416107
1.926975
2.089191
0.757922
1.576726
2.000775
2.496244
2.668951
0.578973
1.473492
0.976592
0.292912
2.068049
1.344053
1.249779
2.439081
2.037960
2.042525
1.562111
1.876347
1.981914
0.300544
2.843173
2.800363
1.408059
1.468096
1.473006
1.961714
3.043737
0.432672
1.825142
1.411263
2.027338
1.315119
1.685927
0.984567
0.580753
1.484456
0.846171
0.832438
2.526319
1.346208
0.888623
1.868816
2.156145
1.624809
1.627677
1.573642
1.056885
0.311629
0.800516
2.709393
0.434666
0.736932
2.587523
1.501710
1.728394
1.320962
0.812075
1.723552
1.415075
2.169556
3.025811
0.775250
0.810297
1.679190
1.300030
1.017690
0.209898
1.640528
1.371063
2.565437
2.581057
1.742753
1.703376
1.981724
0.684234
0.625008
0.930175
1.301046
0.703173
1.272356
1.204196
0.836850
1.536225
1.037873
1.835024
0.499927
1.818009
2.181165
1.848912
0.426570
1.708014
1.841957
0.896131
2.034769
0.896984
1.678900
2.744454
0.924766
0.605125
1.290921
0.702145
0.221993
2.678946
1.948442
2.008653
0.494873
2.162499
2.543313
1.423747
2.489772
1.084082
2.088673
0.505724
2.091755
2.980063
1.967456
2.239659
1.804606
1.530294
1.465239
1.897893
0.442455
0.578082
2.341525
2.145757
1.091132
1.374082
2.055530
1.507250
1.552916
0.626195
1.744710
1.577457
0.414324
1.094795
0.965093
0.651100
0.449985
0.733203
1.628891
2.678169
1.358445
1.107498
0.198837
0.776961
1.092892
1.988916
2.707011
2.452409
0.883502
1.371158
1.663991
1.002554
1.534961
1.358933
0.106353
2.097505
2.207155
2.061927
0.975430
1.133371
2.293427
2.229669
2.193276
2.412789
0.562355
0.165788
2.825810
0.728077
0.753464
1.579412
0.551139
1.630750
2.167253
0.587687
1.925029
0.455128
2.181956
1.827524
2.633268
2.791582
0.335036
1.537411
0.928817
1.590572
2.428496
0.935853
1.072950
1.929019
2.643491
1.532440
2.757134
2.141057
1.130596
2.106043
1.860661
1.295198
2.122060
1.809431
1.552217
2.488883
0.715130
1.700654
1.424636
2.509354
1.872626
0.645548
2.710481
1.441522
2.043333
2.468765
1.380097
2.106851
1.316757
1.784082
1.082097
1.052989
2.237680
1.623809
2.597571
2.090971
0.171329
2.469685
1.607688
1.146719
1.867833
0.826718
1.892726
1.386202
2.164075
0.792340
1.171135
2.504913
2.012314
2.054716
2.227843
1.291770
2.300277
2.116808
2.208890
1.692727
1.876900
0.934922
1.194345
0.317656
2.236727
1.734425
1.109682
1.809385
0.669531
0.940589
1.300894
0.692783
0.632289
2.450023
1.388843
2.078317
0.434577
0.526535
0.798843
2.281060
0.968259
1.484045
2.044414
2.607199
0.900281
1.637736
1.143027
0.301448
1.144142
0.610821
1.738300
2.662727
1.144986
2.496590
2.786310
0.651348
1.532785
1.038634
2.027581
1.749633
1.473935
0.599580
1.991511
1.667560
2.807394
0.687968
1.140241
0.275186
0.880077
1.455630
2.331815
1.365531
2.495506
1.717085
1.220423
0.604223
0.664309
1.815129
0.679556
1.368244
2.007253
1.970200
1.251759
0.139199
1.759889
1.185208
0.667140
0.554745
1.687559
2.285601
1.904823
0.199263
2.549719
1.303902
1.687461
2.456832
1.534514
2.344829
2.518703
1.903536
1.141878
2.096539
0.500812
0.905311
1.210687
1.348529
1.114769
1.430618
0.207578
1.350789
2.290431
2.031075
0.592823
0.857219
2.041901
1.937565
1.540145
2.302685
2.104314
0.417392
1.900482
1.406473
0.463793
1.725050
2.180566
1.794701
1.498948
1.088748
1.491777
1.308198
2.612050
2.100382
0.710960
2.973141
2.663197
1.460460
1.333993
0.985255
2.419112
1.356020
1.801963
1.992458
0.693629
1.982036
2.426046
2.325317
1.326727
1.291258
1.931802
0.747946
1.379572
1.241858
1.674309
1.486272
2.550988
1.240849
0.530834
1.327212
1.784838
1.629507
2.093502
1.646318
1.119484
2.406086
1.632130
0.990332
1.193271
2.544012
1.469561
0.904023
1.174038
0.511627
2.482950
1.414803
2.126801
2.147852
1.081028
0.775807
0.751957
2.652573
1.107450
1.650466
1.114925
2.286812
3.043183
0.915189
0.839804
0.521197
1.720532
2.146950
1.763439
1.211520
1.181273
2.426918
0.914602
2.320671
0.654905
1.592070
2.103944
1.676827
1.985390
0.498745
1.806865
1.765669
1.537245
1.330160
1.306946
2.089821
1.618638
1.579643
1.959325
2.215397
0.423715
2.789296
1.830985
0.411789
0.835162
2.201427
0.670309
2.069308
1.705661
1.990866
0.508494
2.426006
1.734659
1.066050
2.022230
1.949832
2.138488
1.515270
1.019087
1.511266
1.637164
2.359923
0.523944
0.256727
1.013867
1.443803
2.127991
2.116759
2.651299
1.478299
1.691207
2.898619
1.416401
0.898713
0.330811
1.746864
2.884120
0.753338
1.216722
1.672464
2.316399
1.348776
1.426498
1.411670
1.871523
0.784782
0.662542
1.403924
1.810032
1.252894
2.456573
0.799979
0.923745
2.710606
0.844710
1.438996
1.350931
2.615667
0.911984
1.228232
1.341281
2.103590
1.196867
2.237898
2.657988
1.254493
1.363179
2.591280
1.530320
2.034372
1.524634
1.200330
0.687159
2.515044
2.070874
2.121355
0.456759
2.333755
0.872472
1.917153
0.900125
0.518570
2.268881
1.344522
0.283884
2.935334
2.270816
1.391769
2.574867
0.253879
2.078330
1.176842
2.141229
0.496505
0.699552
2.010113
1.379320
1.599541
1.852177
2.448426
1.019126
0.694360
0.936235
1.269077
0.289426
2.660889
0.685664
0.543519
2.186745
1.140727
2.075535
2.844600
1.281307
1.697465
1.299347
1.322825
1.676125
0.897080
2.185222
1.519572
0.937456
1.633350
2.171175
2.818178
1.755098
2.497799
1.953550
3.022794
1.398510
1.214462
2.437467
1.880161
1.453221
0.590529
0.120839
1.495011
0.336318
0.697101
1.639243
2.257197
1.386107
1.106238
2.201828
2.130454
2.316246
0.825554
0.774828
1.352504
1.263960
2.609896
2.392394
1.677111
1.495186
1.872545
1.625094
0.468430
1.667963
0.961546
0.452570
2.753358
1.649785
2.611681
1.802908
2.863575
0.254480
1.810407
1.456436
0.423222
2.060788
2.838043
2.377465
0.776997
1.054403
1.888056
2.528502
0.617300
2.257271
0.458613
1.538783
0.838969
2.877313
1.266342
2.024041
1.460314
3.069704
1.038115
1.568261
1.665369
1.490613
1.669092
1.590808
3.092784
1.531776
0.722799
2.859268
1.563992
2.079869
1.416484
1.652312
1.528770
1.370031
1.372919
1.818278
1.882661
0.485108
1.633675
2.084481
2.417635
1.737740
0.999625
0.405157
1.702628
1.731091
2.116295
0.206242
1.728475
0.148458
1.589454
0.724935
1.501644
0.488143
1.845714
1.500450
1.648659
2.119416
1.460696
0.379040
1.579674
2.398561
1.723797
2.883440
1.089421
2.843220
1.784240
2.575187
0.379612
0.759273
1.912640
2.532874
2.027322
2.489155
2.693653
1.128830
1.524996
2.004446
1.152149
0.476168
2.016602
2.229551
0.879806
0.879012
2.387550
2.257727
1.866904
1.376283
1.727109
0.612735
1.448180
0.581854
2.734669
0.245960
0.518463
0.994817
2.973538
1.921165
0.794249
0.339575
2.236875
2.258033
2.641390
1.629570
2.014193
2.463589
2.253667
0.906158
1.771146
0.683286
1.040797
1.192000
2.561898
1.427473
1.563082
2.171905
1.037162
0.772862
0.892161
2.274454
1.007480
1.823435
2.517624
0.907585
1.854648
2.802281
1.409795
1.840004
1.861084
1.710119
1.899769
1.474785
1.342083
1.772722
2.868256
0.647301
1.550178
2.206692
1.143415
0.606576
2.529411
1.650860
1.378201
2.285014
2.785154
2.499556
1.793209
0.962438
0.415196
2.205392
0.391049
1.105116
1.412953
2.661726
1.506070
0.500938
2.549976
2.457530
1.970163
1.687329
1.484574
1.278561
0.202357
2.328369
2.720061
2.958471
2.666927
1.462431
2.186065
1.018030
1.641096
1.977490
2.159081
2.644210
1.621419
2.085274
2.318167
0.754206
2.740307
2.441334
2.614029
3.052681
0.817077
1.273274
2.653239
1.824472
1.399678
2.364773
1.596775
0.673811
1.399373
2.793016
1.501197
1.420046
2.248518
1.413064
1.403112
2.113514
2.396119
0.940082
3.010517
1.374548
2.507910
2.148805
1.249121
1.426752
1.609243
0.880917
1.698783
1.529782
0.511995
1.562470
1.525828
0.981082
2.344126
1.408234
2.338993
1.079508
1.105486
1.287851
1.314797
1.961366
1.224597
2.314808
0.692794
0.778019
1.070330
1.634475
2.505057
0.730160
2.064526
2.490763
1.630774
1.854347
1.919775
2.409511
0.528071
0.902533
0.467585
1.837815
1.917046
0.700643
0.731057
0.787555
1.244484
2.837279
1.703761
0.894752
1.026625
2.323854
1.666044
1.801927
1.635430
2.427638
1.476982
1.870381
0.295944
2.011404
0.874682
2.582304
2.320500
2.554712
2.269485
1.309186
1.683473
1.555949
1.029962
1.822090
1.944997
1.151069
1.061589
1.271238
1.397999
1.336710
1.570118
2.103088
1.289187
0.519423
2.650456
1.776635
2.524850
1.547695
0.968504
1.450864
1.300185
1.917490
0.601441
1.345035
1.334894
1.086300
1.185088
0.985677
0.885258
0.748072
1.761006
2.070708
1.825699
2.310695
1.295331
1.178491
0.747636
1.813698
1.899252
1.665702
0.130979
0.825626
1.161758
1.298092
0.992972
1.028703
2.779202
0.751836
2.049885
0.887334
1.721283
0.632841
2.357897
1.902229
1.540593
1.017598
2.605352
2.206304
1.493008
0.686523
2.607212
0.476415
2.354480
1.683772
2.474410
0.969028
2.389727
0.324753
2.310974
1.623819
1.718365
2.322637
1.955085
2.417809
0.944249
2.547572
0.697229
0.861500
0.447021
2.338307
1.284104
1.821598
2.663765
0.958838
1.130263
1.428110
1.470747
0.968197
0.990087
2.536427
1.223623
0.812022
2.775584
0.883632
2.009431
2.373636
1.368981
1.726544
2.452152
1.016872
0.656909
1.489341
0.567878
2.193233
1.232311
1.126972
1.995130
1.471952
1.490013
2.105952
1.154542
2.260778
1.326530
1.028223
0.354131
1.908937
1.919262
1.532956
2.441756
2.486250
1.353671
0.957834
0.461932
1.285273
1.359589
2.128820
0.973597
2.201745
1.249950
0.658801
0.359372
1.463336
1.699056
0.677468
1.018978
2.491205
1.360695
2.662638
1.263131
2.361354
1.979535
1.867980
1.925453
0.565367
2.459868
1.992505
2.079839
1.689015
0.891160
1.825842
1.481460
1.727503
2.314470
1.586387
2.635008
1.009074
1.098537
0.812174
0.340063
1.802597
1.071681
0.497347
0.500124
2.277407
0.852618
1.157358
2.032093
1.704623
1.030625
0.539969
1.414332
2.653374
2.020950
0.629099
0.279396
1.783999
2.215251
2.124828
0.835960
2.905468
1.347351
1.813489
1.699469
0.994890
0.731620
1.573521
1.493480
1.370467
1.891045
1.550822
0.248583
2.561030
1.672145
0.560884
2.077633
2.029918
1.319618
1.501264
1.133589
1.810250
1.643660
2.005081
1.691430
1.056299
2.229640
1.730595
2.373869
1.785405
1.250592
0.314433
1.757089
2.052905
1.864339
0.814181
2.736469
2.147487
1.892581
1.411943
0.858280
1.192932
2.535431
0.898222
1.008911
1.493736
1.081746
2.832572
0.884311
1.856327
1.453684
1.513531
1.068818
2.843690
0.880880
2.264229
1.004935
2.920830
1.367703
0.615215
1.760631
2.075490
0.695674
0.894272
1.517960
2.119667
1.252919
1.436636
1.637823
0.086163
2.357538
1.996802
1.196920
2.129275
2.481988
1.672965
0.991916
0.823643
1.625446
1.388885
2.216943
2.786971
2.436970
0.496936
2.676393
0.506152
2.434315
0.873156
0.453576
1.113453
1.093859
1.864825
0.290758
1.342126
2.296583
1.559958
0.788432
0.864755
2.597125
1.941228
0.869620
2.169363
1.344114
1.560453
1.664288
1.121300
0.431468
2.148699
1.456483
1.717593
0.883252
1.033342
1.654943
0.509917
1.169081
1.548574
0.726654
0.888129
1.912793
0.868087
1.498302
2.638940
2.269888
1.540334
1.212826
1.883095
2.853206
1.515435
2.289515
2.521986
0.804717
0.163304
1.957963
1.652827
1.573757
1.013283
2.275000
1.665546
0.185689
1.085311
0.708832
0.905299
1.592210
1.901729
1.058436
2.252883
0.799179
1.330863
3.111579
2.262790
1.687134
1.497850
2.111082
1.328016
2.682966
0.580856
0.367705
2.597051
1.679685
2.382218
2.304294
1.999134
2.401744
1.617852
1.044074
1.309360
2.115261
0.544715
2.561003
2.135483
1.243048
0.395035
2.733049
2.345493
1.984433
0.961201
1.907008
2.352721
1.761782
1.906531
1.920607
0.803630
0.732630
1.427407
1.636343
0.560937
1.591906
1.703531
0.131305
0.515152
1.427923
2.315944
2.147354
1.155111
1.292330
0.292378
1.915284
0.712207
0.621791
1.745538
2.462637
1.435636
1.824376
2.340510
1.120481
1.216227
0.502033
2.678476
0.872988
1.889379
1.796844
2.346446
2.238422
2.072260
1.112168
1.249943
2.257450
2.187549
2.526931
2.268632
2.357701
1.239341
1.897202
1.826899
1.844982
0.303686
1.871038
1.168511
0.779646
2.074777
2.469196
0.368321
0.860796
1.604005
2.438732
1.483603
2.326795
2.660286
1.377170
0.295953
1.771758
0.252499
2.409317
1.388524
2.108795
0.796709
2.098277
1.717695
2.645240
1.896871
1.358129
2.198759
3.040631
0.472513
1.410926
1.839696
0.564852
0.528749
2.634476
0.981435
2.238871
2.286939
1.060125
2.886509
1.255269
0.758648
1.451070
0.896558
0.574661
2.329719
0.951052
1.939317
2.374382
0.578705
0.607584
1.805205
1.004825
2.321740
0.900318
0.854083
1.573452
1.739161
2.766809
1.568360
1.851616
1.340153
0.742522
2.018033
1.478623
0.530376
2.639641
1.078596
2.487932
0.912060
1.041502
1.028091
1.226127
1.955878
1.429570
1.392593
1.634615
1.852941
0.614562
1.352696
2.027781
0.878826
0.178518
2.702195
0.298675
0.920441
0.719854
1.617742
2.167721
0.607084
0.299421
1.409341
1.520857
0.806162
0.754989
2.602235
0.982566
0.551701
0.909009
0.705902
1.088571
1.451058
1.289624
1.770483
0.732032
2.191688
0.205794
1.896481
1.430513
0.650262
0.459176
0.797386
1.121889
0.493826
0.654141
1.170482
1.063295
0.993843
2.287922
0.392663
1.195242
2.348596
1.486047
2.193573
0.137515
1.758978
2.027879
0.993871
1.912867
2.544198
1.259307
2.629429
1.273801
1.999884
1.640902
1.534323
1.568599
1.662073
0.772013
2.602119
1.870487
0.911038
0.572406
2.608507
1.054742
0.883860
1.014005
1.591351
1.390171
0.513064
1.667607
2.041560
2.550745
0.155151
1.607665
2.567912
1.771220
1.021828
0.787611
1.086623
0.802371
1.558779
0.935034
1.583145
0.932316
2.067190
2.921525
1.984307
1.123430
0.736796
1.833617
2.611246
1.209431
2.003366
2.380198
1.724396
2.473548
0.635811
0.598024
1.165153
0.828700
1.844407
0.345097
0.563546
1.856906
1.666761
3.037076
1.025474
2.182191
0.779881
1.586626
2.644571
1.851452
2.006489
1.461936
2.319937
1.468916
1.437641
1.653728
2.055225
1.697749
0.853489
1.905336
2.454449
2.436957
1.623030
1.496787
2.149432
1.821018
1.670570
0.559109
2.179476
0.889009
0.661990
2.383892
2.281068
1.882885
2.375985
0.522340
1.451571
0.141284
1.720531
1.328496
1.861837
1.127647
2.280249
1.538750
2.059532
1.068610
0.320098
1.505964
2.272171
0.919067
0.742985
2.002402
0.564765
1.892051
0.855803
2.349234
1.118954
2.030849
2.595268
0.525966
2.521481
0.364419
2.609169
2.055395
1.952731
2.192647
2.213297
0.728421
2.204961
1.316437
1.584634
1.449957
1.896091
1.229463
2.581891
1.358298
1.755762
2.686474
2.380830
1.399136
0.783634
2.985602
0.718964
0.984754
1.879281
1.150424
0.553100
2.619929
0.268744
0.084162
0.065621
2.586228
0.374224
2.613424
1.891845
2.028540
2.033392
1.485453
2.340188
1.609583
2.295796
1.276085
2.734388
1.553519
1.954969
2.442839
2.452497
1.113756
2.296756
2.089934
1.969135
2.842148
2.076005
2.259322
0.930332
1.356771
0.687710
1.105746
1.218128
0.742461
1.109702
1.220420
0.479775
1.185623
1.070689
2.013587
0.365921
2.883006
0.854260
2.437044
1.576326
0.112831
1.013893
1.494483
1.559878
2.579671
1.254978
1.329361
0.933454
0.867493
0.733307
2.486228
0.807592
2.405391
2.013324
1.277815
1.079952
2.285672
1.836641
1.755063
2.735615
2.528368
2.568033
0.252136
0.978916
0.876890
2.048883
1.056735
0.832819
2.503619
0.752747
1.910000
2.514374
1.309458
0.732504
1.368157
1.145994
1.516673
2.164758
1.563594
1.874611
2.526436
1.354743
2.224238
2.162418
0.666239
0.821826
0.418590
2.624727
2.191785
1.843735
2.478494
1.981916
1.680554
2.531696
2.571245
2.060078
1.854370
0.863207
2.493438
1.653985
1.181197
1.701101
1.463345
1.941004
1.967558
2.334361
2.822971
0.839731
1.824663
1.513230
2.254282
1.638680
2.386327
1.812567
1.186982
2.799151
2.163417
1.278530
2.517186
1.711638
2.948625
2.213546
1.092816
1.661899
2.003257
0.904252
1.116277
1.264944
1.299192
0.873912
2.468642
1.930402
2.080713
1.239511
1.280448
1.445003
0.884395
1.227474
1.779176
2.236218
2.221628
1.408459
1.250574
1.911274
0.397057
1.886791
1.850296
2.260533
0.213190
1.658092
1.345609
0.090348
1.252008
1.893070
1.665996
0.463909
2.344026
2.286336
1.374114
0.964501
0.168682
1.144578
2.468790
2.097050
1.835177
1.042332
0.898014
2.249203
1.730651
2.194088
1.818258
1.333602
0.954626
2.765664
0.448636
1.047062
1.814120
1.955016
0.528066
1.837516
1.002758
1.483613
1.841747
1.719953
0.691408
0.879810
1.827914
2.760077
0.193836
0.344859
0.874050
0.257304
1.208360
0.536218
2.135562
2.706326
1.198393
2.719061
2.134489
2.490332
2.089511
1.348218
1.115580
2.733426
1.275966
1.223139
0.949282
2.825160
0.262051
1.108448
1.786383
1.042757
2.056552
1.025779
2.271510
2.341343
1.414430
1.469681
2.245453
1.433361
1.528718
2.956416
1.466525
2.218530
0.501747
0.965672
2.106142
1.327814
0.854215
1.615260
1.109312
2.566155
2.538710
1.686117
2.429206
1.085044
2.456514
0.599774
1.028012
2.512410
1.295831
2.342557
0.801915
0.635732
0.607575
2.822219
2.672304
1.594034
1.418700
2.113578
2.659945
2.508875
2.093729
1.351186
1.993036
2.242959
1.785734
1.490653
0.904704
2.160935
2.873931
1.507558
1.977332
2.478506
0.323494
1.723625
0.824700
2.543194
1.903681
1.374234
2.258478
0.333986
1.049619
2.791720
0.723670
1.246190
2.665622
0.540425
2.352232
1.305016
2.290324
2.202514
1.097033
1.729920
0.892692
2.835659
1.350143
2.196871
1.443965
1.734744
1.713727
1.407979
0.451068
1.090406
1.187475
0.558383
2.332436
1.517991
2.932050
1.587677
2.421766
2.230489
1.642995
0.728789
2.155905
1.899436
1.505833
2.027663
2.054731
1.201866
0.606718
1.695413
0.691820
1.289333
0.770945
1.162111
1.240635
1.634720
0.624193
2.152338
0.687388
1.908170
0.911215
0.832690
2.623741
1.584007
1.022773
2.163967
2.859340
0.996940
1.132798
2.363638
0.376381
2.275763
2.881512
2.242460
1.541557
1.472088
1.634266
0.971611
2.142224
1.815124
2.165574
2.450810
2.872987
2.573766
0.893541
1.202471
1.477613
1.117322
0.625380
1.705247
2.674583
1.133461
2.050096
2.436889
2.201464
2.793887
1.897367
2.153297
0.923893
2.682983
1.836372
1.008986
2.146801
1.801676
0.426474
1.064939
0.516173
1.724397
1.522249
2.306514
0.920906
1.060766
2.028475
0.875052
0.869601
2.523889
1.569786
1.835704
0.898377
1.760175
0.922118
0.752531
2.441405
2.600263
0.253030
1.933074
2.493408
1.931185
1.475170
0.634215
1.822761
0.586260
1.225733
1.363296
1.977755
1.319473
1.885387
2.124809
2.700560
0.739062
1.769321
0.794295
1.341488
1.201553
1.222024
1.698710
0.993573
2.287954
0.913960
1.401408
1.415668
1.354362
1.672430
1.170398
1.204967
1.704495
2.874796
0.975755
1.030883
1.439560
1.196004
2.396826
1.606928
1.870947
1.080634
0.966652
0.307736
2.565612
2.850900
2.828188
0.450012
1.726696
0.723493
1.442701
2.488747
1.479427
3.122575
0.720704
1.121871
0.913732
1.650961
1.994891
1.746150
0.612067
0.208759
2.526522
1.891082
2.976066
0.732043
2.499387
1.425760
1.460684
2.136514
2.671653
0.619402
0.363250
0.827848
0.696258
2.699625
0.769273
0.616412
0.083328
2.022892
0.969810
1.446198
1.804118
1.921226
1.446016
2.071302
2.712405
1.838739
1.115140
1.897370
0.975450
1.309313
1.920385
0.731665
0.337226
1.905874
1.061144
2.600410
0.616883
1.984755
1.974821
0.392149
2.199394
2.046963
0.926605
2.533543
1.941517
1.246155
0.098078
1.945242
0.490459
0.975626
0.709759
1.927400
2.469710
1.688089
1.398914
2.334990
0.904310
1.970246
1.583552
1.390802
0.516399
0.870122
1.647785
0.621031
2.324178
2.200666
0.297136
2.622811
1.562072
2.022994
2.806362
1.136565
1.465923
0.855001
0.927359
0.734160
1.595613
0.933352
2.243833
1.713982
1.414366
2.615637
1.037692
1.188403
1.552664
1.897321
0.821414
1.942970
1.276219
1.908762
0.617406
1.410168
2.327922
1.835404
1.597582
1.950822
1.420804
1.641459
1.812512
2.571491
1.055891
1.755549
0.953458
1.985443
2.126434
1.391014
2.292245
1.106604
1.798808
1.858589
2.339211
0.377056
1.720031
0.621144
1.263068
0.516708
2.103124
1.586716
2.087700
0.671651
0.859901
2.316934
1.628094
0.262757
1.511099
0.412924
1.988067
2.483087
1.726072
1.207493
2.255900
2.294547
2.546932
0.329781
1.635908
1.934592
1.445540
1.292767
2.709576
0.453571
0.137038
2.218202
0.594121
1.729518
2.481451
1.438879
1.863567
1.872812
2.655967
1.351848
2.111396
0.694882
1.002264
1.128425
0.746887
1.984433
1.219585
2.306973
1.764862
2.516002
0.817695
1.395503
2.063281
0.544154
1.449993
1.090415
2.094694
2.425781
1.837363
1.991477
2.597646
1.847095
1.582298
0.233044
0.965327
1.370874
1.466102
2.373818
0.448387
1.348859
1.049799
2.231284
1.582547
1.534647
0.618789
1.852449
0.883824
1.411507
1.520178
2.163554
1.215360
1.839518
0.907464
0.504983
1.993177
1.837698
1.226749
1.480867
1.589103
2.754792
0.821087
1.444439
1.771049
1.907179
1.471644
2.252052
0.518591
2.492293
1.927542
0.692478
1.133367
2.589600
2.575189
2.199551
1.385070
0.242482
1.436474
1.752942
1.441071
2.524363
1.307557
2.120740
1.651869
1.695162
2.275038
1.036678
0.911943
0.809523
1.983524
1.988973
0.701735
2.374142
0.767099
2.021050
1.620575
1.752884
1.635805
1.753043
1.548385
0.944917
1.994977
2.157931
0.746118
1.829068
1.713395
1.651895
1.859453
0.128129
0.740918
0.564798
2.538670
1.572738
2.315756
1.475317
0.507394
1.902230
1.977499
1.063032
2.259523
1.366062
2.738545
2.629726
1.066006
0.643406
1.882862
2.172605
1.961702
0.891801
1.315403
0.874496
1.355310
0.571571
2.720382
1.622668
1.998034
1.625534
0.521363
1.265079
1.633746
0.921042
1.424602
1.457142
1.978988
1.084074
2.483656
2.121089
2.601513
1.758740
0.271804
2.086587
2.959857
2.845835
1.944487
1.047090
0.567075
1.236695
0.365462
2.138326
1.614878
1.383112
2.681851
2.550345
1.543156
2.512840
1.452616
0.910592
1.433841
1.585750
1.656646
2.755481
1.993209
2.793634
1.382659
1.376489
1.014952
1.163886
0.836384
0.836597
2.483345
0.884807
2.537872
2.456873
0.827311
1.760210
0.759041
1.023555
2.606778
0.850703
0.185833
1.475081
1.725372
2.722318
1.302257
0.508089
2.377697
2.235430
1.062197
1.143534
1.193642
2.212786
1.060999
0.289754
2.139880
1.901776
1.418810
0.149805
2.763029
1.750205
0.851583
2.374976
2.147195
0.581638
2.088468
2.622260
1.931272
2.448638
0.860336
1.785525
0.473248
0.882833
0.489673
1.837827
0.764714
1.422442
1.971637
0.033641
1.010969
2.698052
1.144155
1.671651
2.096738
1.669139
1.713651
1.611696
0.955935
3.007088
1.622908
0.866301
1.741033
1.975009
0.383428
1.281188
2.162445
2.174227
1.140186
1.481126
1.914347
1.501132
0.502321
2.033915
1.870698
0.709090
1.277205
2.181990
1.664167
0.452860
2.182681
2.167835
0.089904
0.574611
1.226940
2.101414
1.832556
2.506892
1.100618
2.321202
2.491813
2.213101
0.262616
1.536422
1.563133
0.466603
2.318635
1.104107
2.310906
0.741627
2.049375
1.581998
1.765037
2.194505
0.997912
1.033806
2.541168
1.740155
0.354826
1.489036
1.843515
2.261013
1.024561
1.847712
2.493606
1.714698
1.348424
1.626907
1.519428
1.903300
1.305720
1.312816
1.496180
1.341084
2.361010
2.733275
1.449702
1.972036
1.009668
1.108025
2.282585
2.760814
2.170953
1.416394
2.108803
0.213542
1.912039
1.915078
1.763246
1.978989
0.731537
1.001089
1.604458
1.304021
2.394996
1.400937
2.646203
1.062672
2.661685
1.398382
2.567842
1.186458
2.181336
1.333911
1.979431
1.858565
1.248352
0.762021
1.239122
1.722348
1.400096
0.833299
1.650228
0.920904
1.745456
1.150286
0.949134
1.056905
2.763294
2.225440
2.703074
0.618319
0.374997
1.509795
1.492239
2.503940
2.449627
1.370773
0.818874
2.287670
2.252022
0.567639
0.769994
1.775274
1.492869
2.317798
1.031968
2.220896
2.843844
1.732745
1.324554
1.355259
2.081515
2.559996
1.752826
1.226618
0.961073
2.212598
1.742648
0.871935
1.779831
1.647260
1.094827
1.851474
0.175872
2.052538
1.651386
2.474169
0.744585
1.979542
2.029125
2.677832
2.158301
2.381155
1.668383
1.019769
1.986656
2.194815
0.407040
1.939038
1.313511
1.408020
0.547368
0.698741
1.238228
1.904060
1.467537
1.671856
1.496496
0.370716
2.046025
0.522216
1.715623
3.105304
1.993570
1.731230
2.051796
1.036534
1.515934
2.385171
2.664323
0.911722
2.241673
2.029224
0.478142
1.286070
2.736271
2.113117
0.800158
0.036850
1.446578
1.619766
1.408708
1.593001
1.858027
2.108481
0.862333
0.609773
1.173460
1.849491
0.719939
0.377953
1.991481
1.974117
0.376165
1.388464
1.106516
2.132448
1.885432
2.091379
1.833696
1.769830
2.657290
1.452072
1.202808
3.066056
2.215122
1.114347
2.109791
2.699987
1.115103
0.913945
1.523795
1.980716
1.994980
0.701793
1.481362
2.435510
0.947809
2.122009
1.606815
1.228862
2.207190
0.981707
0.339757
2.297244
1.837001
1.169497
1.768893
1.129117
0.466318
0.996416
2.450052
3.013209
1.915842
0.940388
2.992583
1.509658
1.540553
2.096928
1.413109
2.129016
2.671587
2.491425
1.498947
1.878785
0.254839
2.566050
1.634892
0.987033
1.941872
0.451170
1.684564
1.527700
1.097816
1.742323
1.182227
2.510749
2.465577
2.528616
0.902145
2.661262
0.759216
0.555449
2.643744
2.230475
1.116157
2.621013
1.106004
2.130132
1.949507
1.976568
1.631133
1.835153
1.762682
2.989874
1.120126
1.795694
2.545276
2.250398
2.307485
1.761987
2.386993
1.354474
0.548984
0.756860
2.844010
1.336746
0.404076
2.398116
1.143973
1.001079
2.243320
1.430984
1.171188
2.096213
1.016325
1.743456
1.948842
1.596068
1.268646
1.306560
0.952064
2.438315
0.015214
2.227750
2.420734
1.120255
1.403735
2.187868
0.631793
1.053598
1.337359
2.742917
1.865979
1.486318
0.634413
1.820341
2.323621
0.759928
1.553878
0.752067
1.303339
1.165864
1.701533
1.924807
0.468199
2.219145
1.068392
2.067719
1.190862
1.793525
0.668987
1.619953
1.554414
0.669174
1.223715
1.302445
1.349200
2.086974
0.814141
1.544036
3.099455
1.653074
1.465420
1.865051
3.075349
1.660315
1.089407
2.320619
1.943906
2.117731
2.827999
0.451561
0.507659
1.652483
2.034088
0.697785
1.250832
2.877620
2.360941
1.890839
1.758144
2.754485
0.881161
0.591459
0.538791
1.594388
1.475381
1.492600
1.066888
1.790804
2.679509
1.065874
0.795988
1.359164
2.508646
0.792914
2.645276
0.854331
2.939941
1.817136
2.612664
2.767852
1.922064
2.996298
1.583361
1.360228
0.681222
2.343441
1.324664
2.775272
1.583435
2.801125
2.605393
1.956686
0.478841
0.051521
0.927261
1.587998
1.493930
1.487822
0.700434
1.388117
2.019039
1.088131
2.224687
1.812822
1.404112
2.080160
2.193147
1.383527
1.298937
2.033417
1.312733
0.391247
2.021677
2.430051
1.436947
2.290224
2.043604
2.243235
2.205086
1.009866
2.171829
2.040096
2.576258
2.315787
2.041585
0.714199
1.261031
0.897967
1.733010
1.501343
1.767190
1.153692
2.056082
1.372920
2.558121
0.796165
0.782766
2.001490
1.685418
1.593310
1.434168
2.604428
1.669032
0.794775
2.235110
2.874823
2.852522
1.642765
2.198791
2.154496
2.141154
1.724417
1.574173
1.965291
1.400963
0.996751
2.250707
2.124860
1.403786
1.359453
0.996493
0.240995
1.966125
2.747151
1.402312
1.792269
0.682115
1.694457
1.199491
1.915725
0.546897
2.095509
1.769392
1.817218
2.498958
1.383515
1.780902
2.432616
2.658836
1.365442
1.886140
2.010478
2.821172
0.814160
1.379627
1.349069
1.339219
0.974861
0.804089
2.219623
1.801789
1.331502
2.256414
1.174564
1.251597
1.006836
2.556610
1.480627
2.200381
1.013244
0.719830
2.395972
2.903773
2.032389
1.549397
2.453366
0.736516
0.621793
2.131051
0.545063
1.554046
1.411671
2.177980
1.503098
1.726491
0.902755
2.363764
2.753291
1.389065
0.193546
2.129167
0.311779
1.350677
1.734482
1.226288
2.057650
2.250315
1.042558
0.899247
1.789770
1.537667
1.187351
1.522672
1.509488
0.379790
2.766562
1.277723
0.837186
0.489988
0.711330
1.018492
1.671881
1.654947
0.304178
0.258658
0.706124
0.959971
2.412389
0.582065
1.819062
2.440870
2.338488
1.869137
1.099581
1.427741
2.844529
0.166798
1.030781
0.991049
0.916852
2.350514
2.003210
1.588358
1.218529
0.873424
1.659732
1.143370
1.639749
2.003429
1.269385
1.887466
2.678359
2.504862
0.921602
2.794950
2.563140
1.196704
0.885342
2.193231
1.368666
2.230267
1.925584
1.039930
1.477293
2.675702
1.929597
1.433196
2.707615
2.562578
1.891275
0.793968
2.141330
1.301643
1.892876
0.635213
1.662805
0.933977
1.349520
0.574943
2.540328
2.075624
2.062559
2.373494
1.862621
2.621224
2.291285
1.696134
1.049746
0.231720
1.274504
1.877011
2.264548
0.334469
2.490085
1.099613
2.820329
1.717645
1.992037
2.598545
1.554120
1.291076
0.564450
1.074019
2.046538
2.061965
1.285398
1.103892
2.640411
2.093223
1.277252
2.348488
1.553437
0.614319
2.005200
0.752973
0.319061
1.651505
1.977246
1.107028
1.678352
0.458708
2.594671
1.314784
0.571279
2.277460
1.867986
0.468221
1.364968
1.267913
2.871570
2.463780
2.010465
0.492575
0.798687
1.454170
2.202522
1.591610
2.019185
2.057318
1.069910
0.543638
1.740804
2.097213
0.832541
1.148408
2.454005
0.898826
2.305923
1.739728
1.500888
1.346962
1.845752
1.353366
2.123282
2.015615
0.968639
1.387409
2.138766
1.802053
2.116905
2.096343
1.578944
1.515774
2.240263
1.886514
2.547476
1.783503
0.838352
1.836053
1.243653
1.421348
1.989224
2.582716
0.867868
2.393997
0.973887
0.508090
0.475195
0.470354
1.869681
1.611753
1.457174
1.121822
2.541395
0.941504
3.054994
0.735944
1.801914
2.134327
2.080597
1.316496
1.606665
1.042747
2.337045
1.220079
2.509258
2.120085
2.621022
0.531517
1.353324
1.099767
1.559864
0.627603
0.919833
1.920494
2.748916
1.401954
2.058885
0.264148
1.511312
1.331924
1.646499
2.544854
1.906413
1.471488
0.705326
1.902447
1.731140
2.057444
1.430111
1.210727
0.669869
2.680662
1.715108
2.712958
1.106345
1.521237
2.017078
0.951580
1.659334
0.669476
1.536589
0.396263
0.935291
1.938900
2.004356
0.836996
0.629716
1.459610
0.882773
1.703541
2.281591
2.027084
1.530313
1.552583
0.851937
1.770244
0.805698
2.095701
1.230033
1.738755
0.552512
1.452410
1.633647
1.867743
1.360678
2.233027
0.712184
0.680972
0.263364
1.908674
0.975072
1.571076
1.992127
1.415479
0.876463
1.399032
1.747322
1.106193
2.371897
2.141945
2.324422
1.950406
1.552013
1.206615
0.866295
1.899367
2.571671
1.223601
1.393693
1.056108
2.544384
1.543405
1.971022
1.460290
0.745445
0.611217
1.052496
1.056730
0.932396
1.091760
2.567643
1.413124
2.140468
1.822173
2.329921
2.689379
0.397110
1.434270
0.990124
2.491355
0.932904
0.527041
1.738073
1.966778
1.348486
2.116295
1.274902
1.182577
0.606904
2.132023
1.700354
0.104842
1.052774
1.068797
1.465813
1.338771
1.265969
1.982100
1.852850
1.674944
2.790160
1.689164
2.814374
2.069441
0.885154
2.259099
1.958127
0.982009
1.046186
2.548349
0.708386
1.474267
2.875602
1.990056
0.780353
1.312275
1.496657
1.568535
1.945297
1.675499
1.081465
1.041417
1.681021
1.605605
1.584621
0.102132
2.506224
2.365555
1.987792
1.654074
1.387425
1.921859
0.645621
1.333161
1.391977
1.124202
0.927072
0.643251
1.583547
1.469569
0.241341
1.826925
2.502381
3.030307
1.224328
0.432074
1.305871
2.197343
1.660557
0.460051
1.256510
2.239035
1.158159
2.499533
1.217925
2.230391
2.508285
0.999478
1.903386
1.783486
2.144136
0.543597
1.109606
2.409406
1.479410
1.957479
0.811815
1.884477
2.185807
1.901351
0.655912
2.221755
1.135042
0.142066
2.214002
1.811440
0.455538
0.847214
1.394564
1.763604
0.978698
2.112434
1.380876
1.611677
1.892733
2.055138
1.217136
1.693583
2.751528
2.942052
0.841385
2.057059
0.503921
1.459119
1.783434
1.603847
0.746121
2.120995
0.852115
2.572964
1.417623
1.103040
2.035983
2.010123
1.114295
1.619168
1.227766
1.225118
1.967390
2.080978
2.592082
2.546641
1.574673
1.228130
1.439464
0.823416
0.514834
2.120824
2.029470
0.331700
2.097710
2.459616
2.119797
2.248714
1.229067
1.300387
1.224110
1.501296
0.731357
1.572621
1.342002
1.674136
2.154286
0.678979
1.079790
0.473734
1.844333
1.764143
1.340048
1.220068
1.245573
1.185401
1.029314
2.324517
1.863012
1.932254
0.096336
2.001709
1.446828
2.034648
2.062593
0.901055
1.796430
1.564841
0.113103
2.665096
2.384621
1.230896
1.388959
2.955045
2.302894
2.204781
1.656708
1.791966
2.522052
2.232285
1.906570
1.655180
1.376003
0.452845
2.404910
2.079352
1.292070
0.684547
1.742917
0.161067
2.188215
1.747625
2.016002
0.994742
1.184570
1.473497
1.404529
2.581168
2.683503
1.411005
2.397402
2.244415
2.103070
1.109399
2.222408
1.747642
0.549395
1.257995
0.921402
2.862495
0.804553
2.381534
1.616400
1.684041
2.542042
1.355425
1.159191
1.104544
1.582381
2.451507
1.118982
1.148909
1.517872
3.032406
1.616611
2.177795
1.467512
2.647282
2.001416
1.363104
1.288235
1.724472
0.949137
0.689880
2.357276
0.219915
1.987340
2.596406
1.283207
2.497922
2.525833
1.593724
2.123151
1.432277
0.527493
1.928670
2.276032
1.303471
2.692269
1.223664
1.055306
1.005274
1.823802
2.042202
0.998205
0.789941
1.595343
1.933803
0.603083
0.978797
0.552689
1.468209
2.208124
1.122423
1.697404
1.878552
1.148982
1.082494
1.729411
1.882775
0.837625
1.545079
0.836409
2.597242
2.561130
1.007230
1.778023
2.076499
1.773832
1.677487
0.543739
2.358425
2.178070
1.976357
1.734345
0.240658
2.333180
0.622137
1.964818
2.620059
1.191080
2.132690
1.333216
0.683120
0.449393
2.670160
2.126232
1.255469
0.954264
1.250618
3.061758
1.320760
2.291016
0.832109
1.168019
2.089505
1.361755
2.521409
1.550976
3.033111
1.490972
1.695520
2.350127
1.036647
1.068927
1.436013
1.069810
0.659305
1.623811
2.698931
0.394049
2.321745
2.022395
1.411409
2.706250
2.136125
1.299693
2.019767
0.684977
1.725407
0.493464
0.679927
2.705851
2.463631
1.102982
1.063955
1.848982
1.919353
0.834368
0.729950
1.913106
1.822046
1.959720
1.609273
2.403131
2.686288
2.700046
0.736557
0.468402
1.527864
0.578707
0.616939
1.201900
2.213340
1.596432
1.099703
1.706137
2.430790
2.942154
1.939594
1.482516
0.449834
2.193059
1.388174
2.643161
0.519512
1.910251
1.724344
2.064034
2.293383
1.990771
1.378762
1.480616
1.356080
2.582263
1.212634
1.250400
2.421437
1.479330
1.362050
1.275299
1.642348
1.547907
1.926444
1.235260
0.074129
2.677743
2.507571
2.435009
2.635231
1.737716
1.237054
2.913040
1.317104
2.083815
2.591218
1.451472
1.393654
1.576070
0.869039
1.029917
0.943462
1.735118
1.976921
1.772094
1.581991
0.299441
2.657287
1.331414
1.523939
1.242706
2.061993
0.222494
2.284817
1.389687
1.261251
2.288457
1.280972
1.048381
2.002268
1.146950
2.301201
0.429022
1.118231
0.947385
2.191290
0.945984
1.872503
0.933804
2.004604
2.280475
1.460905
2.555919
1.384901
0.774719
1.604084
2.543424
0.836426
1.488985
1.147537
1.857758
2.209362
0.350933
1.883560
1.824429
1.451339
0.078298
1.479214
2.208115
1.051913
0.832206
0.615948
0.593945
0.948849
1.314500
1.145547
3.092963
1.733063
2.656437
0.932333
1.139426
2.136716
1.869590
0.946193
0.865008
2.189218
2.035889
0.605416
2.713189
0.885096
1.335635
1.764679
2.868084
1.397884
1.047613
1.786209
2.358556
1.051146
0.499747
1.879493
1.578309
0.987294
2.080125
1.750536
1.436827
0.698343
2.443742
1.435634
1.977569
2.279470
1.843448
2.929210
1.758924
1.119263
0.918209
2.139317
0.542160
2.570409
2.369024
0.327138
0.656795
1.027595
1.819042
0.593257
1.887113
2.412927
1.965599
1.590641
0.721959
2.102407
0.828014
1.830713
2.843753
2.517086
0.971300
1.392253
0.302291
0.646824
2.329047
2.027498
2.592168
1.527722
2.002613
1.610652
2.118342
2.517130
1.135400
2.296948
2.281726
0.787458
2.370330
2.607214
1.346389
1.533523
0.251505
0.423977
1.275315
1.999935
1.679392
1.529071
1.493730
2.017553
0.668562
1.449481
1.816557
1.214356
2.348137
1.863600
1.423319
1.970384
1.297017
1.272264
0.857907
0.551287
2.412422
2.619087
2.855757
0.828418
2.130068
2.229339
1.179171
1.820999
2.062979
1.977713
0.660535
2.099034
2.076382
1.489843
1.490810
1.151303
2.641256
2.573835
0.222928
0.433996
1.289180
1.842155
1.311673
0.956331
1.111495
2.210333
2.519253
1.861165
0.799180
0.570733
2.020229
0.312502
0.224375
1.975647
0.892317
2.159923
1.576643
1.561495
1.372740
1.022068
0.910284
1.584368
2.953748
2.627621
2.772641
1.473149
1.004514
2.515165
1.313587
1.033572
2.697113
2.057493
2.428416
1.209594
2.670751
0.813396
0.712736
2.351393
2.213387
1.099693
2.610391
1.604529
1.153339
2.662179
0.961375
1.537743
2.029628
2.019118
2.849528
0.716873
2.718567
0.855462
1.833516
2.677572
0.667985
1.764417
1.366139
1.243409
1.573337
2.144071
1.738255
1.476030
1.580891
1.493684
2.155529
1.471917
1.808972
2.490465
1.164712
1.405242
0.852013
1.008872
2.623827
1.506846
0.869052
0.790535
2.697605
2.493688
2.389102
2.607435
0.295991
2.267691
0.651505
1.878839
2.136606
0.951769
1.042118
0.840444
1.669142
2.092258
2.636757
0.744929
0.931692
1.455892
1.759747
2.842143
2.476128
0.956674
2.420220
0.916773
1.832742
0.433337
1.429122
1.699035
1.599324
1.785695
2.009120
1.502312
1.581396
1.725827
1.361540
1.624908
1.365610
1.567892
0.872752
0.839749
2.000776
1.423148
1.229423
1.064478
0.864573
1.093333
1.348883
1.322821
2.010665
2.886865
1.276629
1.784878
0.916616
1.001496
2.219389
2.278974
1.107820
1.003759
1.347278
2.191872
2.313272
0.648088
1.062694
1.252144
1.936034
1.881520
2.405055
0.561273
0.799372
0.446598
1.030689
2.374159
1.521742
1.722366
0.699342
1.877587
2.334307
1.585434
0.337935
1.688349
1.553165
1.335240
0.836227
1.953964
1.800380
2.775682
1.595109
2.466997
0.923118
2.502520
1.942143
0.383868
0.104061
2.639029
1.327905
1.941832
1.753916
1.047531
2.112974
2.077092
1.157497
0.059576
1.776888
2.152362
1.724161
2.025693
1.421576
1.414385
0.993222
1.478557
2.863237
2.022363
2.311094
0.783059
1.379874
1.472719
0.684144
2.558105
1.248273
1.182840
2.261650
0.304189
1.260312
2.268689
2.744683
2.042012
1.575982
1.675345
2.837967
1.071495
1.147573
1.106969
1.073515
2.488049
0.455500
2.312745
1.806270
1.524071
1.070087
2.328576
2.608390
1.025654
1.694800
2.136122
1.341494
2.776027
0.973718
1.568537
2.447240
1.691903
2.238830
1.988501
1.738299
0.814714
1.619083
1.659894
2.446343
0.328441
0.632315
2.377705
1.131438
1.351684
0.759440
1.668555
1.133570
0.897888
1.342138
2.514736
1.907131
1.868453
2.091149
1.763194
2.457103
1.181942
1.294186
1.101166
1.109391
1.736224
2.147405
0.827473
0.774866
1.736177
2.387546
2.040032
2.069801
1.346103
1.094136
1.819807
1.400622
1.302098
1.539389
1.988090
2.114327
1.816642
1.050532
0.436427
2.239684
1.850655
2.698915
1.520919
1.125750
1.983179
0.538177
0.855610
0.208538
1.438672
1.462269
1.133445
0.257357
0.972627
1.470348
0.820875
2.216171
1.190328
2.450616
1.650931
1.988692
0.811804
0.831855
0.702056
1.617146
1.870348
2.267603
1.119084
1.091076
0.544594
1.220928
0.570895
2.005214
1.116126
1.679737
3.002792
2.863670
1.823560
0.842800
2.958541
0.491428
1.799084
1.114921
0.557225
2.295856
2.048197
1.011834
1.838666
0.422948
0.707970
0.856251
2.087429
1.106410
1.235785
2.389761
2.212372
2.881292
1.952186
0.577102
1.052710
2.113990
1.388975
1.227454
1.508511
1.960606
2.452918
1.498872
1.919457
1.592968
1.836681
1.901737
1.711773
1.034533
2.656612
1.866888
0.559073
1.922136
2.436385
2.000862
2.017808
0.059905
2.436662
1.496957
1.108415
0.967788
1.220333
0.559310
0.926282
0.240904
0.815274
1.474619
2.148080
1.704705
2.174062
1.028044
1.062742
1.917100
1.995052
2.596658
0.878370
1.239156
1.751878
2.096826
1.735012
1.635620
1.363196
1.892023
0.938416
1.110029
1.300166
2.570307
1.112031
1.040623
1.336082
1.682104
1.497926
2.008765
1.837400
1.903272
2.040899
2.186811
0.692511
1.569525
1.277924
2.494251
2.073999
1.797553
1.708342
1.464472
1.650861
2.092902
2.175212
0.737835
1.571606
1.299230
1.901651
2.489304
0.309423
2.394673
0.863293
1.349137
2.183390
1.477882
1.848834
0.853202
0.191592
0.646269
2.444212
1.856418
2.127097
1.792104
1.429871
2.431656
0.673303
2.178322
2.160473
2.346848
1.365002
1.258973
1.153099
2.637545
0.629896
0.578333
0.527055
1.764730
1.464983
2.049421
1.558214
1.512639
1.766385
1.915034
2.377523
1.338036
0.714683
1.567292
1.682792
0.742170
1.770276
1.448783
2.146888
1.293462
0.445940
0.932648
1.029334
0.817603
2.918096
0.286294
0.181884
1.339524
1.301460
1.171075
1.209399
1.496548
1.342276
1.351161
0.491852
2.302110
0.711605
1.676954
1.169864
2.023090
0.980553
0.838942
0.654036
1.253642
1.905242
1.894550
1.521909
1.077428
0.637505
1.042436
1.826176
0.787260
1.470803
2.399747
1.170425
1.445773
2.462154
1.188270
2.273241
1.060809
1.810663
0.784847
2.023784
0.148711
1.645496
2.160595
2.317040
1.893693
1.226167
0.779320
1.322600
1.676583
1.181387
1.531496
2.487705
2.819591
0.765317
1.312801
1.018092
1.018379
1.813924
2.385645
1.338169
0.537314
2.054255
1.960273
1.587012
1.816017
0.113539
1.226325
2.425847
1.817297
1.525586
1.764259
1.828695
0.243229
1.316517
1.504683
1.924900
1.993913
1.795218
0.453531
1.065797
2.573449
1.632640
0.809194
2.484064
1.918395
1.625599
0.747360
2.525071
0.789100
3.033241
1.143248
0.972094
2.047643
2.876481
2.040525
1.267938
2.902283
0.484185
0.996022
1.788014
1.640603
2.276556
1.012860
1.670144
0.923621
1.987226
0.983556
2.510983
1.188600
1.100701
0.828288
1.012127
2.225385
1.195853
0.739874
1.520248
2.330292
1.079194
1.333956
2.962866
1.072530
1.929144
0.952681
2.946742
1.892086
2.632412
1.248049
1.862195
2.987097
1.710431
1.050435
1.628668
1.356965
1.544162
0.568005
1.756724
0.899332
1.162505
1.563323
1.575704
1.721352
1.892716
2.065589
1.327215
2.824572
2.398376
2.357875
2.263635
0.744033
1.016508
2.243106
1.355490
2.539918
0.295332
1.336077
1.711439
2.729884
2.037849
0.961210
2.701067
1.147726
1.501018
1.533155
1.957602
2.699006
1.690473
1.117525
0.769173
2.377991
2.158700
1.861286
1.442785
1.441442
1.329739
2.253841
1.391004
1.044385
1.917130
1.000238
1.330308
2.520277
0.409533
2.150978
2.262048
0.507396
0.817024
1.346605
0.292333
2.443178
1.777417
2.814417
0.870167
0.526505
1.479993
2.392832
0.280484
0.240212
0.787843
0.823841
2.420466
2.585345
2.223094
1.184673
1.287261
0.887032
0.729598
2.142925
1.436241
2.206830
0.051412
2.249357
1.990098
0.412838
1.747565
1.615436
0.659990
2.084556
2.536249
0.726397
1.831041
1.598260
0.642469
2.230165
1.734417
1.679714
1.923196
1.774166
1.708647
2.265002
2.120650
1.459041
2.081759
1.700738
2.108165
0.658789
2.091926
2.444069
2.419900
0.881118
1.939540
2.421903
3.010225
1.336217
2.560793
1.738819
2.518695
0.304577
1.222483
2.258155
0.793231
2.728801
1.225961
1.044696
2.127773
2.540734
2.222494
1.444232
1.597620
1.311864
1.062773
1.103340
2.255481
0.071658
2.317141
1.715608
0.662970
1.748551
1.481418
2.866946
2.141864
0.754207
2.366750
2.131656
1.609558
2.153826
1.265210
1.421182
2.210031
1.936744
1.030303
2.679306
1.848179
1.718735
0.918353
1.371951
1.543043
3.107161
2.313437
3.098478
1.311251
0.626277
1.102299
0.896674
0.630642
0.687892
2.117757
0.932514
1.986938
0.965306
0.884992
1.515533
1.268221
0.405856
1.020053
2.405015
2.254658
1.747542
1.150221
1.801202
1.085649
1.648029
1.694519
2.510699
0.683377
2.113295
1.170124
1.768895
2.112603
0.775885
1.767947
0.736303
1.019236
2.410328
1.196983
1.232727
2.903307
0.564093
1.643377
1.956249
1.143690
2.025528
0.824047
1.862706
2.118182
1.366807
1.599353
1.723638
2.909769
2.239880
0.902843
1.055159
1.263402
2.099051
0.815384
1.492696
1.591102
1.495098
0.492369
1.088279
1.782957
1.890895
1.364367
2.327537
1.629821
2.015140
0.869628
1.601536
2.195419
2.012418
0.935660
0.592679
1.437025
1.294760
2.046916
0.911051
2.123369
1.031989
2.140440
2.092234
0.467173
2.738752
0.100422
1.374109
2.008630
0.822282
2.384095
0.981571
1.817102
2.578001
1.551067
0.993686
1.731489
2.457995
0.537387
0.674519
1.777435
1.042387
1.823195
1.359183
2.747242
2.286886
1.531301
1.359093
0.907010
0.950654
1.748692
2.711134
1.476392
1.283135
1.989857
1.583688
1.198496
1.995379
2.527800
0.348809
2.391154
2.146025
1.052389
1.546007
1.970742
2.076902
2.014855
1.103326
1.833902
2.177983
1.337037
1.006586
0.366461
0.190502
1.828865
2.997559
2.311125
0.669275
1.348489
0.343526
1.196710
2.845478
2.884769
2.141606
1.237423
1.954227
1.107616
1.884947
1.355174
0.890111
1.948975
1.067214
2.725564
2.633616
2.085925
1.879758
1.937462
1.492973
2.593348
1.179470
1.038880
1.182950
1.654731
1.114321
1.202416
0.848712
1.102752
0.815404
1.109374
1.905381
0.892911
1.761302
1.859651
0.850050
1.297060
2.849426
2.366218
1.857586
1.840692
1.047432
2.283059
1.198086
1.588434
2.175173
1.058235
1.059032
1.442766
2.622146
2.018103
1.292997
1.031746
2.752762
1.925768
2.177929
1.029282
2.983051
2.713031
1.604226
0.798034
1.005510
0.878639
1.239507
2.283258
2.273987
1.585589
0.906339
2.219655
1.296313
2.299954
1.441343
1.802005
1.896304
2.102226
0.717869
1.458600
0.181110
1.325416
2.434661
2.656109
0.625986
1.031092
0.890695
0.484233
2.556538
2.798276
1.158770
2.534202
2.589079
2.256163
0.501265
0.816948
3.039154
1.367154
2.892957
2.267135
2.519317
0.866650
1.819028
1.094495
0.194515
0.487723
2.450670
1.916276
2.243834
0.187086
0.686747
2.264930
1.343366
2.980458
2.122536
1.534928
1.015922
2.679896
1.649986
0.804940
2.562467
2.316706
0.511494
2.329731
1.887670
0.724261
0.086047
1.882158
1.619588
2.908466
1.518540
1.431675
0.830598
0.632517
1.985404
0.855851
0.809384
1.745168
2.322757
2.774626
1.762915
2.713501
2.181129
2.878016
2.683292
1.668260
1.500341
0.889204
1.563403
0.132080
1.241703
1.399508
2.328631
1.374336
1.067515
1.569744
1.626637
1.071734
0.802797
0.461432
1.040657
1.826649
1.536701
1.389720
2.033678
0.887622
1.735881
2.428869
2.143888
1.417605
2.332290
1.300696
1.325511
1.837075
1.264673
1.217463
0.876887
2.250084
1.594741
1.931636
2.261330
2.347255
0.613928
1.901067
1.053604
1.266425
0.827452
2.166837
1.794357
1.190224
2.299569
2.368923
2.650077
1.193795
1.088247
1.905137
1.571404
2.346609
1.655628
1.095997
1.101458
1.343580
1.850438
1.880600
0.276112
2.915934
2.853699
0.925206
2.217910
1.553582
2.420963
1.812992
1.248805
2.776242
1.119796
1.761045
1.196417
1.457937
1.318605
2.598294
2.112887
0.947676
2.179809
1.979638
1.619109
0.469088
1.292928
0.314023
2.512082
2.515671
1.150250
0.871107
1.143027
2.621458
2.292802
1.184279
2.572517
2.239202
1.592163
2.032289
1.162030
1.341549
1.250466
1.860915
1.273176
1.822706
1.018280
1.918839
0.528894
1.798398
1.769162
2.281758
2.267991
1.337819
1.620927
1.255985
1.447629
2.458783
1.307012
1.250824
2.197190
1.908165
1.612288
0.594166
1.770887
1.268588
1.363739
1.611965
0.825903
2.524881
1.031471
1.495353
1.146741
1.743213
0.661119
1.870559
0.953071
1.251249
1.198616
1.112358
2.717726
2.556063
0.660010
2.157447
1.162054
1.833947
0.713522
2.071096
1.606731
1.553998
0.582933
1.183327
0.815105
1.778923
1.362838
2.109433
2.711671
2.199327
1.108644
0.693685
1.986399
1.611374
1.727166
3.017265
0.663454
1.945963
1.862490
1.194958
0.324817
2.749020
1.762365
2.871688
2.430038
1.982764
2.114573
0.876157
1.224450
2.436127
2.567306
2.341254
1.312444
0.097283
0.821146
1.629551
1.783758
1.683187
1.128172
1.691443
1.266220
1.696942
1.929926
0.459786
0.585163
1.055483
0.442074
0.900151
2.633389
1.964606
1.582252
2.754237
1.883505
0.646586
2.667500
1.635826
2.217136
1.990050
2.009621
0.741887
1.739991
1.838436
2.855198
2.721131
1.843343
0.763942
1.542414
1.024578
1.971471
2.145170
2.215416
0.427876
1.233560
1.523132
0.633439
1.405543
2.048281
0.781493
1.786471
1.910456
2.310199
0.684812
1.832863
1.552279
0.961021
1.720136
0.306046
0.243852
1.110586
2.061610
0.784686
2.380745
1.303422
0.725238
2.261594
0.099887
1.080989
1.168833
1.030401
2.737816
0.558753
0.418794
0.139645
1.391033
1.609580
0.649706
2.287232
1.045257
1.040111
1.441141
2.552575
0.587592
1.667115
1.661485
1.720561
2.121734
0.706482
1.767740
2.156843
1.364550
1.231330
2.578225
1.069531
1.985388
0.444373
0.567248
1.990841
1.188194
1.333980
2.675489
1.099824
1.488177
2.939985
1.110718
2.401902
1.589317
1.328142
1.977276
2.113952
1.827192
0.746729
1.926583
2.005694
1.941483
0.975073
1.126882
1.456288
1.243210
2.443696
0.974977
2.064005
0.968194
0.773134
3.022517
2.560801
0.903829
0.553930
1.817109
1.578854
1.485621
1.708385
2.158324
2.554224
1.687966
0.474080
2.178616
0.526485
1.440434
1.537247
2.281361
0.502466
1.805487
1.571386
2.147090
1.153596
2.025817
0.485252
2.072066
0.490118
2.650118
2.737227
2.203313
0.815986
0.649521
2.194562
0.556476
1.142876
2.394447
1.976546
2.205673
1.211687
1.083615
1.718718
1.025070
2.276756
1.831406
0.324029
2.472179
0.510862
1.589294
2.022443
0.724666
0.724304
0.972829
2.491783
1.416016
2.639376
2.718056
0.831696
3.034214
2.486972
0.716252
2.196191
0.469331
0.987659
1.741132
0.736248
1.605178
1.473789
2.283279
1.189044
2.155202
0.619063
2.457252
0.256299
2.557733
1.603308
0.414557
2.237663
1.731672
1.674182
1.625799
1.994853
1.932899
2.085195
1.779978
0.643632
1.948223
1.690382
1.077485
1.942035
1.483265
1.340962
1.518960
1.591507
1.794188
0.490070
1.854295
0.731630
1.591643
1.504177
1.453897
1.129125
1.690087
1.221967
1.164962
1.524128
2.333264
1.255518
1.128380
1.421129
2.486713
2.248301
0.741216
1.718697
1.689940
2.060100
1.925637
1.032575
1.147588
2.633956
2.587086
2.096582
1.209036
1.367751
1.073105
2.621186
1.486744
2.501964
0.502317
2.784428
1.303368
1.577693
1.058065
2.595875
2.298423
1.685704
1.377703
1.934574
2.505754
1.960571
0.654583
2.211419
1.577627
1.011075
1.313008
0.506788
2.790685
0.433498
1.173510
1.079662
2.881607
1.004208
0.246657
1.172849
1.835466
1.107239
1.024051
0.605245
0.870015
1.163226
0.483290
1.661854
2.227510
1.185288
1.516457
1.850028
2.401825
2.424609
1.193320
2.145039
1.704970
1.408204
1.712161
0.536705
1.883017
2.659338
0.747036
1.819589
2.933609
1.449879
2.456890
2.807911
1.920500
2.506258
1.112206
1.163868
0.873354
1.608211
1.350875
1.279625
2.266631
1.466986
2.504549
1.825071
2.118053
1.317646
1.078286
1.832753
1.051046
1.730054
1.371653
2.261537
3.060428
2.802522
2.461811
1.879559
2.548142
0.297759
1.104158
2.510638
1.494101
0.829453
2.422355
0.746603
0.514770
0.808787
1.440639
1.032510
1.925198
2.281091
1.772419
1.558852
1.102276
1.574914
0.706867
0.373050
2.424413
1.335389
1.904719
0.733253
2.752743
0.515435
2.677230
2.744150
0.384425
2.307455
1.798698
2.695180
2.368595
2.459172
2.359537
1.201672
0.452788
2.050791
1.475855
0.692524
2.451832
2.458162
1.284603
1.689503
2.012486
2.733696
0.465680
2.921612
1.492792
0.858047
0.300061
1.240564
1.683881
1.952425
1.503482
1.608996
2.097116
1.396763
1.531030
2.183816
1.045650
0.620097
2.068423
0.667262
2.865861
1.758708
1.423951
0.356842
1.211711
2.432391
0.786056
0.952044
2.134468
1.581852
2.139344
1.532548
1.499750
2.271679
1.508419
2.588850
3.007147
1.553140
1.077905
1.674804
0.869481
2.048298
0.539453
2.600471
0.776181
1.673230
2.018028
1.354172
1.863386
1.480486
1.570344
1.824157
0.443211
2.592942
1.889835
1.313159
2.229524
2.223092
1.736741
1.717729
1.178910
1.269867
0.469412
2.149669
0.861216
1.616641
1.980316
0.849259
0.237932
2.751816
2.030051
0.905808
1.965523
2.196035
0.707608
2.306302
1.253020
2.308449
0.995633
2.921957
1.139956
2.043815
1.799418
1.243996
1.884732
1.093127
2.008863
1.491629
0.549667
1.147655
0.369023
1.333958
1.868123
0.601452
0.812687
2.267182
1.793957
2.361174
2.945881
1.822946
2.259598
2.008863
2.255490
1.590967
1.580277
2.631126
1.256793
2.342036
2.147268
1.718492
2.309056
0.510366
1.162261
1.470264
1.375987
2.717807
2.026314
0.692910
1.402457
2.198427
1.389792
1.470402
0.866625
0.479875
1.646127
1.229242
2.425531
0.790588
0.896518
2.396915
2.148448
0.150337
1.730977
1.750252
1.602250
0.589851
1.621829
2.378322
2.617946
1.154998
1.440164
2.140049
1.290661
2.062891
0.974769
2.129319
1.964934
2.643651
2.434946
0.670464
2.055330
1.137930
1.687300
2.529406
1.259254
0.629197
1.027969
0.985879
1.033369
1.429433
0.614911
0.262016
1.440817
1.920555
1.785056
2.694794
2.107898
0.743114
2.245178
1.958052
1.430047
1.040432
1.487352
2.193494
2.882511
1.934024
1.684202
1.929048
1.806842
1.444164
2.173782
1.265743
2.042306
1.248595
1.067916
0.550438
1.445312
1.572286
1.154445
1.942192
2.607238
1.347699
1.979093
1.298425
0.497917
1.169807
1.194820
2.256307
1.443760
0.733603
1.581514
2.393548
1.319547
2.758118
1.892569
1.284930
1.857365
0.963574
0.372691
1.066174
1.878759
2.259781
1.788695
1.325699
0.821803
2.395325
1.475707
1.765976
1.303337
2.095119
1.111696
1.155255
0.766095
2.836786
1.904240
0.928291
1.119175
2.858219
0.260991
2.022925
0.671885
1.615394
1.741526
1.539527
1.542746
1.031130
2.327801
0.729685
1.486257
2.427055
1.339889
0.674017
1.972677
2.982161
1.546822
2.360647
2.376828
2.648941
1.474839
0.997104
1.962441
2.049973
1.624400
2.293060
1.998688
0.903171
0.353640
2.933997
0.851301
0.441169
1.999190
1.113354
1.711591
1.143196
2.125958
0.478434
1.642319
1.786288
0.885243
2.980319
1.540016
1.709276
0.652947
0.876784
1.696482
1.753543
0.378071
1.417093
1.633651
1.545605
1.879857
0.981859
0.971406
0.873356
0.463724
2.588330
1.306344
0.587171
2.548729
1.650495
0.742524
1.818063
2.262642
1.986207
2.550023
1.736595
2.112794
1.472165
0.900610
2.652474
1.459116
1.926331
1.591583
1.665191
2.358118
0.547440
0.761192
2.464005
1.563838
1.916436
1.322141
0.791478
2.470787
1.761714
1.218502
2.665796
1.611382
1.975305
0.337507
1.440345
1.015943
0.822560
0.483598
0.475947
2.379247
2.807593
1.850615
1.812201
1.416451
2.285044
1.692913
2.396196
1.573937
0.540598
1.399026
1.278248
0.779506
1.676050
1.036418
1.856446
0.981060
1.817896
2.188281
0.687523
0.969578
0.698098
0.486676
2.065677
2.249136
0.596199
0.856408
0.452592
1.038140
0.999785
0.662957
0.668738
0.932604
2.080599
2.042564
1.824016
1.714343
1.133243
1.556137
0.547545
1.285830
2.522516
1.428114
1.578410
1.490183
1.926762
0.780437
1.942638
1.151725
2.622723
2.202489
1.598240
0.456307
2.355505
1.049928
2.388848
2.644858
1.417407
2.550799
0.890942
1.882550
0.291976
1.144738
2.361693
2.129784
0.287967
1.532294
1.238074
1.178244
2.814089
1.389381
1.913810
2.436055
2.314991
0.855211
1.245844
1.596674
1.195374
0.297981
2.238217
1.049176
2.258261
1.209382
1.163671
1.918988
1.720120
0.841754
1.792962
3.051907
0.581469
2.203916
1.878331
0.654531
0.606545
1.584491
2.399410
0.675418
2.918424
0.940205
1.407073
2.744139
1.802828
0.597639
2.323086
1.477998
1.067032
0.881556
2.774038
1.721980
0.937404
2.155763
2.281442
0.293276
0.641120
0.732286
1.964809
1.925533
1.148558
1.163900
1.921250
1.322802
0.636639
1.208988
1.531993
0.894741
2.291253
1.264217
1.152541
2.258713
1.679589
2.016220
2.161539
0.848024
2.219525
1.813462
1.819211
0.497975
2.219733
1.750844
1.846326
0.158011
1.298699
1.495104
0.333677
1.500560
1.752527
2.025340
0.762900
2.451095
0.295322
2.240163
1.076365
0.706240
0.747373
2.079076
1.173932
2.755136
0.617852
1.779616
2.166606
1.868634
1.200540
1.689230
2.254911
0.711045
0.874276
1.448346
0.881192
2.867931
0.339060
2.259873
2.918625
1.357360
1.115426
0.247211
2.371724
2.405261
2.059468
3.043238
2.108152
2.109175
2.234015
0.274114
2.421793
2.651266
2.122348
0.883318
2.512275
2.358712
2.180610
1.949384
1.573135
0.661389
1.033012
1.196440
0.992234
1.416397
2.108520
1.386706
1.378617
2.176224
0.991747
1.353333
0.872772
1.583773
1.384367
0.390540
1.322156
0.772887
0.377643
0.746279
2.492855
2.326938
0.799751
2.151706
2.175233
2.544767
2.724311
1.957058
2.136499
2.079343
1.314330
1.090940
2.343074
1.807091
1.744340
0.556608
0.403521
1.250188
1.538686
1.459886
0.728717
2.004977
2.309817
1.171538
0.968719
1.033532
1.251984
1.759472
1.341096
1.325365
2.041303
1.125375
0.980201
2.428669
0.490593
0.151427
2.193922
0.254220
1.969443
1.690669
2.116534
0.524663
2.288867
1.789349
1.948309
1.400583
1.947401
2.036358
2.112345
0.844187
0.847635
2.448751
2.428479
0.153817
0.902944
0.626597
1.047220
1.638108
1.957924
1.846614
2.539735
1.400848
2.570841
0.748706
1.145403
2.855810
0.765368
0.593296
3.011744
2.301030
1.865528
2.106714
2.500681
1.519190
1.294752
1.741789
2.463904
0.439918
1.180011
1.869716
0.965354
1.528111
1.634762
0.621858
1.539926
2.031547
0.898448
2.059128
1.060864
2.426002
1.309314
0.844863
1.143484
1.140635
1.163200
1.744565
1.095528
1.452993
1.921749
1.086037
1.103485
1.196386
0.299904
0.864611
2.192834
1.340859
2.119082
1.940904
1.437700
0.536135
1.219839
1.873572
1.668590
2.374779
2.077586
0.367504
1.736297
2.611081
2.136401
2.313969
2.236044
0.763260
0.160135
0.648200
1.430734
1.177095
1.955974
1.985391
2.093079
1.286498
2.784234
0.312306
1.932419
2.948728
0.926590
1.507238
1.321773
2.740567
0.792875
2.240608
0.351002
1.525184
1.489717
1.730079
1.239286
0.932762
1.798132
2.566744
0.747973
1.329779
2.112857
2.655543
1.609528
2.127860
0.420251
2.688547
0.545413
2.051876
1.877520
2.270442
0.613311
1.811886
2.335494
2.136542
1.792836
0.431726
1.015176
2.912013
0.157746
1.339468
2.207565
0.385495
2.382023
1.062843
1.804927
0.926871
1.488697
0.997243
0.705844
1.756790
1.791267
2.426203
1.639960
0.733869
1.858274
1.727560
0.567084
2.013763
1.179766
2.047065
1.643428
1.370574
1.263196
1.333461
0.846188
2.732412
1.426942
1.379316
2.670801
1.439477
2.190037
2.078086
1.513210
1.881312
3.107538
0.599607
2.353517
1.488115
1.193748
2.805791
0.456357
2.587752
2.344773
1.743093
0.468873
1.553314
0.833306
0.744319
0.941149
1.517197
2.378811
2.075683
2.415145
0.952245
0.720607
0.414537
0.846767
1.676228
1.464983
0.690074
2.914362
1.017848
2.366864
1.487439
2.466023
2.366036
1.662105
2.077802
1.193341
2.378937
2.014966
1.301327
2.181586
1.699847
2.702706
2.320519
0.476102
0.696320
2.811113
1.072821
1.750989
2.303395
0.110151
1.497489
0.424968
0.729745
1.582252
0.960072
1.938948
2.704153
1.218920
1.911538
0.902870
0.889181
0.724132
0.575339
0.412760
1.919954
2.273855
1.282235
1.635953
1.647132
2.036674
1.201054
0.651714
1.933103
0.823116
0.817792
2.198423
0.746526
1.408605
1.335063
2.778354
1.414743
2.336719
0.218143
1.670194
1.270982
0.988717
0.999321
1.170704
1.676572
2.487026
1.561934
2.066363
0.298553
1.723519
2.164594
1.967460
1.368094
0.759674
0.990172
2.636119
2.380593
1.660997
0.402461
1.649457
1.993403
0.922369
1.230045
2.313234
1.807588
2.017781
2.227914
0.400578
1.696578
2.258204
1.750155
2.550097
0.414728
2.262077
0.977139
1.762318
2.016216
2.017219
1.230128
2.065844
1.141612
0.684707
1.431766
1.963355
1.047584
1.889010
1.831230
0.683261
0.930976
1.914949
1.878699
2.520233
2.394203
2.891402
2.081938
1.538842
1.983528
1.670974
1.618029
1.077609
1.302122
0.685051
0.871958
1.389119
2.612247
1.366657
0.139205
1.869178
0.690412
1.240373
1.337740
1.382574
1.471585
2.252948
0.635864
1.983718
1.514101
2.040857
2.246913
1.924403
1.359568
1.499566
1.730850
1.074474
1.468312
1.211672
2.085016
0.793729
2.416678
1.091754
1.395268
1.027573
1.333252
1.753861
1.878030
1.189441
2.937862
1.888195
2.743483
0.657267
2.984285
1.256490
1.592020
1.459169
0.824815
1.789191
0.781143
1.838629
1.234072
2.727942
1.171171
2.048727
1.414652
2.450105
2.961056
2.407119
0.950647
2.066446
0.287315
0.587009
0.171517
1.436759
1.213760
1.348322
0.312420
2.833535
1.990158
0.236030
1.839022
1.906012
0.701401
1.826239
0.199409
1.831006
0.538025
0.851472
1.016843
0.965712
2.221524
1.714844
0.859031
0.670827
1.163087
1.763300
2.980111
1.145314
1.504248
0.934567
0.356404
1.545287
1.129881
0.396328
2.569661
1.796440
1.427175
2.666531
1.748387
0.743727
2.731266
0.978436
2.205604
0.560577
2.338316
2.230445
1.993617
2.560076
2.836977
2.655748
0.747779
2.164854
1.598630
1.174101
2.459762
2.254054
2.506379
2.439373
0.673830
1.306164
0.590332
0.769016
2.364476
1.310338
0.874892
2.157712
2.880894
1.788299
2.029806
1.714155
2.071271
1.939118
2.195119
1.643726
2.109591
1.853445
1.251081
1.494158
1.685579
1.202170
1.377309
1.962031
0.642491
2.559926
3.041123
2.921213
2.056545
2.497928
2.402715
2.325995
1.090939
2.710402
2.883340
0.724677
1.214234
0.830858
2.506610
1.177923
2.143076
1.821558
2.434146
1.592190
1.168201
1.922578
0.437665
0.497653
1.184750
1.348940
1.615543
2.400900
2.003829
2.591449
1.690413
2.238290
2.329523
1.685335
2.207856
1.726291
1.484881
1.911403
1.410411
2.040406
1.815767
1.376720
2.351563
2.675817
1.704088
2.104710
